0.144075624276659
0.891063178387175
1.04963258384502
1.71052730623642
1.70097909443921
2.34198957032807
1.23809042282622
2.24040660574377
3.46706072732295
2.96822059044275
3.64757737716689
3.5753890939434
4.06152865578013
4.50916011181145
4.60936422143906
5.03636273488397
5.05167784557928
5.08023253360896
5.72475227829067
6.16347041289148
3.20755102627806
3.88055975833559
3.40658715145594
3.61843406088941
6.90526019215503
3.25073239743352
2.75644532090667
2.05933010067701
5.92474550044659
6.7352674450113
