0.510478501306515
1.31713302823682
1.30750473549605
2.57588584441437
2.69824609713094
3.11435024585394
3.5443556519196
3.52351222714022
4.24691572162632
5.44861209605949
5.18455463326954
5.16029721239713
5.74890244163718
6.39411702157121
6.56920367440041
7.37960124475691
8.15406907487262
8.15974004028944
7.74962713925046
8.1766146964635
8.90971410529596
9.67767500706285
9.22060872440563
9.84425670057805
9.2949097360969
9.36450301910744
9.37087848430243
9.6114167612417
10.2462771521277
12.7920802789481
