1.05675696845394
2.22186276768264
1.19399128714527
1.32560331082446
3.19110472467889
2.90898232438607
4.32914358979853
2.61747153184429
4.17915161776092
2.92268711982743
3.36595745771402
2.23554491271309
2.19606666277738
2.25447322140644
2.33928601240076
4.89718491662435
5.07145196010037
2.4089035375895
2.43175984339427
4.8244394871307
5.07583955665608
5.52095103136022
5.58248273783419
5.93444545510049
5.97064383670936
5.75168553733625
6.4726875314172
6.38612828134684
6.91813014472078
5.26072861692783
