1.44430586319921
1.70108710591853
1.65114608936395
2.08343703786961
1.86331422897722
2.66544756782298
3.32020914062318
3.5798479640691
3.54489109308501
3.91600139081313
4.22597634392539
4.32415854096537
4.53841138384278
4.83528939942983
4.76401099287928
5.2915910471779
5.52073018222204
6.55595424593702
5.8808520665055
6.00119216948989
6.42455349245875
8.13857358274891
14.1843639920024
14.4391672925415
14.4985054601145
16.5229456751617
16.9366563403799
15.0071562928348
18.0182025537599
19.5985162252354
