1.91293230958668
2.09974680412497
2.44676543790652
2.5726278310497
2.66127204324009
2.95505571019178
3.05309505096552
3.40225481526074
3.5517400628109
4.02013593634999
3.77553919339356
4.32560842726488
4.4177618125145
4.79514126917491
5.68938424790174
5.58402509781152
5.70889085948696
5.95173487311788
7.4323656249064
6.55587484082079
8.0091530764513
8.69284509506346
8.62201434177027
9.38860050041934
8.93254099975139
10.3252559837913
9.09703604296795
10.2661387239014
9.96035560874247
12.1343866662791
