-0.317262628310677,0.744637197130612,-0.317262628310677,0.744637197130612
1.079836144362,0.628873041813155,1.04048832639971,0.619235528557981
1.04048832639971,0.619235528557981,1.20368385004068,0.551625788998925
1.81373525358745,0.393703856385424,1.89466494642801,0.358525618816969
-1.42011019509153,0.507649939832957,-1.37474752601527,0.604552863953749
1.03170947800502,0.735841756911886,1.02201370729804,0.741572431225504
3.35332942080362,0.724366687142893,3.33590465878975,0.870440036502257
2.97475834696962,-0.181290715044423,3.026416921498,-0.188327056486412
-0.0848225691963689,-2.54834809706791,-0.0684447024678106,-2.54102569844454
-2.16303740608848,-1.16239872901379,-2.26183515757691,-1.04367203958783
-0.0949032523291796,0.804543343155148,0.042343087922306,0.791489622670326
0.042343087922306,0.791489622670326,0.195783414558808,0.794101827536796
0.597852142601942,0.717118245598496,0.662275114181667,0.760971382690214
1.04048832639971,0.619235528557981,1.09801634359125,0.58349050035479
1.09801634359125,0.58349050035479,1.22572898959194,0.480992933549529
-0.546137475556744,-2.27104560060829,-0.510127896272018,-2.31473807132891
-0.739040443742313,-2.20968396891694,-0.736748287289107,-2.18614709134813
-0.736748287289107,-2.18614709134813,-0.795893964919038,-2.25541600914845
-0.795893964919038,-2.25541600914845,-0.825608561749698,-2.1582030093084
-1.01712868427763,-2.07382910510998,-0.902905700031488,-2.1811058053862
-1.07856090001268,-2.06721319466236,-0.991268295108568,-2.15060820803257
-0.991268295108568,-2.15060820803257,-1.08801073178614,-2.12996268004529
-1.08801073178614,-2.12996268004529,-1.1590790932925,-2.04692953025602
1.20368385004068,0.551625788998925,1.24154258435308,0.560912862932754
1.24154258435308,0.560912862932754,1.35412800202647,0.523427394823662
1.35412800202647,0.523427394823662,1.39696498232479,0.546144323734364
1.39696498232479,0.546144323734364,1.43259117652522,0.507976037414976
1.43259117652522,0.507976037414976,1.5438841908792,0.449783914242253
1.5438841908792,0.449783914242253,1.62738469461575,0.461497677366881
1.62738469461575,0.461497677366881,1.68445282672791,0.451417475308508
1.68445282672791,0.451417475308508,1.81373525358745,0.393703856385424
-1.1590790932925,-2.04692953025602,-1.22406348969482,-1.99304616606793
-1.22406348969482,-1.99304616606793,-1.26997256652262,-1.994168943371
-1.26997256652262,-1.994168943371,-1.40006563460294,-1.90223363155805
-1.40006563460294,-1.90223363155805,-1.42703230066283,-1.84703847166167
-1.42703230066283,-1.84703847166167,-1.41008789563357,-1.90717711450628
-1.1590790932925,-2.04692953025602,-1.17172840860399,-2.02237267209605
-1.17172840860399,-2.02237267209605,-1.12581883384061,-2.16541204928568
-1.12581883384061,-2.16541204928568,-1.19396030773401,-2.13443250309658
-1.19396030773401,-2.13443250309658,-1.15244779799672,-2.23471572811099
-1.15244779799672,-2.23471572811099,-1.14365908089809,-2.25889695396619
-1.14365908089809,-2.25889695396619,-1.26893075101543,-2.25945215119588
-1.26893075101543,-2.25945215119588,-1.26546187101562,-2.29156381862322
-1.26546187101562,-2.29156381862322,-1.32479813943289,-2.31187038241759
-1.32479813943289,-2.31187038241759,-1.4327424054308,-2.37644411881557
-1.4327424054308,-2.37644411881557,-1.48279667996483,-2.35625509220808
-1.48279667996483,-2.35625509220808,-1.53526635927307,-2.36506391442029
-1.53526635927307,-2.36506391442029,-1.5834857308982,-2.45200649802919
-1.5834857308982,-2.45200649802919,-1.62924555554275,-2.47412065345455
-1.744785717694,-2.56737669309946,-1.67004545846042,-2.58440442738057
-0.317262628310677,0.744637197130612,-0.401610128427492,0.675140136580603
-0.647029914735643,0.639371531067315,-0.591812825786903,0.657077880290101
-0.749670933581884,0.597164530525179,-0.814915965132244,0.573259715008867
-0.814915965132244,0.573259715008867,-0.934356977583769,0.56766244316758
-0.934356977583769,0.56766244316758,-0.904853937347765,0.549359747410837
-0.904853937347765,0.549359747410837,-1.063291597327,0.449696444153028
-1.063291597327,0.449696444153028,-1.10034374045439,0.517054353077282
-1.10034374045439,0.517054353077282,-1.1912317563552,0.455958674541368
-1.1912317563552,0.455958674541368,-1.22980736516882,0.540435624494393
-1.22980736516882,0.540435624494393,-1.27252026804791,0.508333045072675
-1.27252026804791,0.508333045072675,-1.42011019509153,0.507649939832957
1.89466494642801,0.358525618816969,1.98731048432798,0.312843941856356
1.98731048432798,0.312843941856356,2.087969365246,0.237227330203631
2.087969365246,0.237227330203631,2.15930084007666,0.253566093200144
2.37864790225255,0.189465428215078,2.37015792465576,0.164457919156081
2.37015792465576,0.164457919156081,2.46261727966724,0.104335259036151
2.65874560625875,0.00679751422393527,2.72910070188193,-0.0888340679318742
2.72910070188193,-0.0888340679318742,2.75449313629444,-0.0676641193201956
2.75449313629444,-0.0676641193201956,2.93521412451294,-0.172929263970135
2.93521412451294,-0.172929263970135,2.97475834696962,-0.181290715044423
1.20368385004068,0.551625788998925,1.1081956655929,0.655510350033448
1.1081956655929,0.655510350033448,1.17906708794045,0.624696362830592
1.17906708794045,0.624696362830592,1.04961470979373,0.692687014055008
1.04961470979373,0.692687014055008,1.03170947800502,0.735841756911886
-1.51668804480992,-1.69392947598625,-1.56525484766986,-1.67405277315128
-1.56525484766986,-1.67405277315128,-1.65588769673592,-1.57316289045661
-1.65588769673592,-1.57316289045661,-1.69366848765707,-1.54156900596077
-1.69366848765707,-1.54156900596077,-1.73977001030202,-1.46232968438703
-1.73977001030202,-1.46232968438703,-1.84941427952161,-1.4043568298768
-1.84941427952161,-1.4043568298768,-1.90871962450568,-1.38734079515514
-1.96924130289781,-1.19035360634321,-1.99345978823567,-1.26778887222039
-1.99345978823567,-1.26778887222039,-2.12470827754288,-1.17946088429349
-2.12470827754288,-1.17946088429349,-2.16303740608848,-1.16239872901379
1.81373525358745,0.393703856385424,1.70241173314199,0.454651336693459
1.70241173314199,0.454651336693459,1.77898880951208,0.486229882908978
1.77898880951208,0.486229882908978,1.86608981234959,0.467139169263953
1.86608981234959,0.467139169263953,1.8389064030766,0.498692075140131
1.8389064030766,0.498692075140131,1.86757050246392,0.555278277558581
1.86757050246392,0.555278277558581,1.90897370847685,0.574312168740193
1.90897370847685,0.574312168740193,1.95511460984402,0.702720490497933
-0.182792093372765,-2.37403919788452,-0.160385360820637,-2.36951955391754
-0.269626418016651,-2.40282779125879,-0.267663459502473,-2.45843704323094
-0.267663459502473,-2.45843704323094,-0.299230480335442,-2.48090287955775
-0.299230480335442,-2.48090287955775,-0.258040280997675,-2.50334925890551
-0.258040280997675,-2.50334925890551,-0.33854462119124,-2.50316548315615
-0.33854462119124,-2.50316548315615,-0.310638267561652,-2.51086631937885
-0.310638267561652,-2.51086631937885,-0.35561889626047,-2.5500338687831
-0.35561889626047,-2.5500338687831,-0.36262901250956,-2.58041965491223
-0.36262901250956,-2.58041965491223,-0.328109000340109,-2.55835685780327
-0.328109000340109,-2.55835685780327,-0.370660056103802,-2.538028599614
-0.370660056103802,-2.538028599614,-0.351897552939258,-2.58581461298117
-0.351897552939258,-2.58581461298117,-0.355157104143049,-2.60526636974502
-0.355157104143049,-2.60526636974502,-0.428142784455429,-2.60275843902116
-0.428142784455429,-2.60275843902116,-0.355014140978995,-2.61128474334822
-0.355014140978995,-2.61128474334822,-0.442355919659798,-2.67202780867894
-0.442355919659798,-2.67202780867894,-0.466300068180945,-2.68115303365403
-0.466300068180945,-2.68115303365403,-0.505089887655705,-2.69763714595549
-0.505089887655705,-2.69763714595549,-0.468510210099534,-2.71642630512401
-0.468510210099534,-2.71642630512401,-0.532862036822689,-2.73177571821667
-1.41008789563357,-1.90717711450628,-1.52421719621936,-1.77070027157319
-1.52421719621936,-1.77070027157319,-1.62336474051122,-1.79764105908913
-1.62336474051122,-1.79764105908913,-1.61677622084362,-1.83404453100168
-1.61677622084362,-1.83404453100168,-1.71934614964938,-1.77734365344249
-1.71934614964938,-1.77734365344249,-1.77371043638666,-1.7894086345118
-1.77371043638666,-1.7894086345118,-1.79165344485942,-1.81115625828369
-1.79165344485942,-1.81115625828369,-1.79187738241333,-1.84083607337224
-1.79187738241333,-1.84083607337224,-1.84578406582242,-1.82193643914179
-1.84578406582242,-1.82193643914179,-1.93167092232442,-1.85912285933251
-1.93167092232442,-1.85912285933251,-1.95377385380117,-1.77318521940766
-1.95377385380117,-1.77318521940766,-2.01274014271247,-1.79240582986024
-2.01274014271247,-1.79240582986024,-2.03577310152256,-1.80776685671139
1.89466494642801,0.358525618816969,2.00833463218472,0.343471945292817
2.00833463218472,0.343471945292817,2.00854538034282,0.386262823627346
2.00854538034282,0.386262823627346,2.12147117834732,0.345943481889844
2.12147117834732,0.345943481889844,2.16392753952205,0.360339452506981
2.16392753952205,0.360339452506981,2.25084817911665,0.348107433448507
2.25084817911665,0.348107433448507,2.38135173301655,0.384295613177338
2.38135173301655,0.384295613177338,2.42818288406471,0.448534984885932
2.42818288406471,0.448534984885932,2.584024314669,0.393204476981412
2.584024314669,0.393204476981412,2.61021355052551,0.460758367684034
2.61021355052551,0.460758367684034,2.62502902205036,0.419245755186484
2.62502902205036,0.419245755186484,2.75196703656298,0.512452315823518
2.75196703656298,0.512452315823518,2.82950281123735,0.555379730548608
2.82950281123735,0.555379730548608,2.93326406294837,0.534848746437787
2.93326406294837,0.534848746437787,3.0752926023463,0.62626437826034
3.0752926023463,0.62626437826034,3.18082784835018,0.607785611446175
3.18082784835018,0.607785611446175,3.21359868943666,0.646165491619705
3.21359868943666,0.646165491619705,3.35332942080362,0.724366687142893
1.079836144362,0.628873041813155,0.916709760228968,0.662618848886885
0.916709760228968,0.662618848886885,0.815519104599645,0.726346748406557
0.815519104599645,0.726346748406557,0.719091631048882,0.776667385947266
0.719091631048882,0.776667385947266,0.690405107020395,0.768075860673493
0.690405107020395,0.768075860673493,0.547717973823793,0.812779949215649
0.547717973823793,0.812779949215649,0.408268370464228,0.895155679065666
0.408268370464228,0.895155679065666,0.442771920084924,0.867620216748389
0.442771920084924,0.867620216748389,0.409092641373846,0.913568362587764
0.409092641373846,0.913568362587764,0.342637378402169,0.978818132160233
0.342637378402169,0.978818132160233,0.357085911572478,0.979574477984375
0.357085911572478,0.979574477984375,0.254781816164688,1.07126527105963
0.254781816164688,1.07126527105963,0.148892093024002,1.02764188880703
0.148892093024002,1.02764188880703,0.0686528202717364,1.09817528515648
0.0686528202717364,1.09817528515648,0.0770525081523084,1.09420037915504
0.0770525081523084,1.09420037915504,0.147873499909294,1.13276477039812
0.147873499909294,1.13276477039812,0.0052634846160446,1.17408661128689
0.0052634846160446,1.17408661128689,-0.0424193142211167,1.31520807365559
-1.42011019509153,0.507649939832957,-1.40241017462763,0.541987588498669
-1.40241017462763,0.541987588498669,-1.4935317489119,0.547932009948022
-1.4935317489119,0.547932009948022,-1.5839067287371,0.664779710930198
-1.5839067287371,0.664779710930198,-1.67419034937847,0.596560557815379
-1.67419034937847,0.596560557815379,-1.78153869387113,0.701088273103323
-1.78153869387113,0.701088273103323,-1.94811684431333,0.737941864796196
-1.94811684431333,0.737941864796196,-1.94714637155536,0.838162187576697
-1.94714637155536,0.838162187576697,-2.06449693212696,0.876652071469288
-0.103801076584164,-2.4673378627746,-0.0827748752798994,-2.50448741602855
-0.0827748752798994,-2.50448741602855,-0.0310031009685382,-2.53464234536819
-0.0310031009685382,-2.53464234536819,-0.0448973202310242,-2.55452210366746
-0.0448973202310242,-2.55452210366746,-0.0848225691963689,-2.54834809706791
1.03170947800502,0.735841756911886,1.09882890629745,0.748780157880072
1.09882890629745,0.748780157880072,1.01603661633034,0.761638026979788
1.01603661633034,0.761638026979788,1.01656562803878,0.769949211002127
1.01656562803878,0.769949211002127,1.06154751534837,0.815397486625975
1.06154751534837,0.815397486625975,1.10226320111887,0.841728032353675
1.10226320111887,0.841728032353675,1.06427307796425,0.842253652558966
1.06427307796425,0.842253652558966,1.06841284095968,0.933600280447221
1.46822249446719,0.0769613640687342,1.52326892351899,0.0703552007265448
1.52326892351899,0.0703552007265448,1.64730501602763,0.0348686791897231
-2.06449693212696,0.876652071469288,-2.07006275456017,0.892707137026986
-2.07006275456017,0.892707137026986,-2.06444716947989,1.0032234977421
-1.37474752601527,0.604552863953749,-1.3122870351725,0.651969318892526
-1.3122870351725,0.651969318892526,-1.35680183159992,0.784389339456191
-1.23772419669462,0.960439535733412,-1.29501374084153,1.07159543588504
-1.29501374084153,1.07159543588504,-1.24737761203815,1.18937070080054
-1.24737761203815,1.18937070080054,-1.32308540357092,1.30128708128601
-1.46544765888522,0.811114768325468,-1.50120217739426,0.788716026980976
0.0542568396742734,1.4049539442606,0.100062040888348,1.49361418035989
-0.0424193142211167,1.31520807365559,-0.192281383601368,1.37572851710643
-0.192281383601368,1.37572851710643,-0.0624191203180073,1.4960126320005
-0.0624191203180073,1.4960126320005,-0.169892338664244,1.51520906163146
-0.169892338664244,1.51520906163146,-0.278980198673008,1.57742998465582
-0.347687223544153,1.79299767542171,-0.408472048875787,1.7891529468996
1.06841284095968,0.933600280447221,1.07659200142955,1.04955721118337
1.07659200142955,1.04955721118337,1.07009177956385,1.04908727718375
1.07009177956385,1.04908727718375,1.04082327951294,1.18483833385772
1.04082327951294,1.18483833385772,1.10192651538225,1.27630705087459
1.10192651538225,1.27630705087459,1.10033691065226,1.35529873274234
1.10033691065226,1.35529873274234,1.02976991605385,1.44180195449041
1.06841284095968,0.933600280447221,1.02047484554719,0.985689756783117
1.02047484554719,0.985689756783117,0.964012486270437,1.05394336081697
0.964012486270437,1.05394336081697,0.923017683678427,1.16254451138704
0.923017683678427,1.16254451138704,0.929929091369106,1.23502807899789
0.929929091369106,1.23502807899789,0.828348943297609,1.29098354619861
1.95511460984402,0.702720490497933,2.0162709763008,0.736914225353009
2.0162709763008,0.736914225353009,1.95286027218717,0.78190512449952
1.95286027218717,0.78190512449952,1.91303520392697,0.897047756329305
1.91303520392697,0.897047756329305,1.9633827270537,0.970942129331956
1.9633827270537,0.970942129331956,1.87973678945634,1.06976227517675
1.87973678945634,1.06976227517675,1.96434019627566,1.15983789490966
1.96434019627566,1.15983789490966,1.94382617304804,1.29822580014463
1.94382617304804,1.29822580014463,1.90797326960686,1.38938456872947
1.90797326960686,1.38938456872947,1.89272009671482,1.44490662055781
1.89272009671482,1.44490662055781,1.96170235227329,1.52790611380971
1.96170235227329,1.52790611380971,1.94044611017921,1.61988793303569
1.94044611017921,1.61988793303569,1.95888287693353,1.78677357038242
1.95888287693353,1.78677357038242,1.98815640483556,1.90197876709993
1.98815640483556,1.90197876709993,1.95088660044979,1.86192947985915
1.95088660044979,1.86192947985915,2.01336736162999,2.01241110297207
1.95511460984402,0.702720490497933,1.98873041300802,0.707964327623684
1.98873041300802,0.707964327623684,2.13765351920605,0.805849960601614
2.13765351920605,0.805849960601614,2.09512564081785,0.809029380357006
2.09512564081785,0.809029380357006,2.15503927931848,0.904255797224542
2.15503927931848,0.904255797224542,2.25401700407928,0.982626376819087
2.25401700407928,0.982626376819087,2.30955629102741,1.09701007269909
3.35332942080362,0.724366687142893,3.41098583952444,0.742158750713047
3.41098583952444,0.742158750713047,3.50798513520023,0.612711203252542
3.50798513520023,0.612711203252542,3.6345474620985,0.617088656683041
3.6345474620985,0.617088656683041,3.81254107005532,0.70212495647098
3.81254107005532,0.70212495647098,3.77749404142761,0.607579275126166
3.77749404142761,0.607579275126166,3.89700603659454,0.60622881449851
3.89700603659454,0.60622881449851,4.00070902593067,0.559935065123382
4.00070902593067,0.559935065123382,4.11732923844628,0.586889175553482
4.11732923844628,0.586889175553482,4.2494148905609,0.573720198586856
4.2494148905609,0.573720198586856,4.29049603981222,0.602017116671592
4.29049603981222,0.602017116671592,4.47092165782167,0.516618507303167
4.47092165782167,0.516618507303167,4.57316702880882,0.437907064504811
2.97475834696962,-0.181290715044423,3.11276159234042,-0.255054848957082
3.11276159234042,-0.255054848957082,3.22595744416034,-0.313172635973595
3.22595744416034,-0.313172635973595,3.29945383379525,-0.320239328966352
3.29945383379525,-0.320239328966352,3.36650966740986,-0.341773088152339
3.36650966740986,-0.341773088152339,3.46349888172209,-0.392438429511258
3.46349888172209,-0.392438429511258,3.61438699337925,-0.435618658421511
1.7516565042174,0.0290941350417896,1.77557607776493,0.0330143125227142
2.1585948800918,-0.0651419951846181,2.28965890815031,-0.115909931300177
2.28965890815031,-0.115909931300177,2.44152399107622,-0.202503692251627
2.67795878900725,-0.352082330652991,2.67451389422462,-0.339889107177302
2.91826799457545,-0.6080500146459,2.98983623919719,-0.663597733711191
2.98983623919719,-0.663597733711191,3.04694960305833,-0.752752526113797
3.17380779698756,-0.956833456489143,3.19408214027667,-0.956769879769982
3.19408214027667,-0.956769879769982,3.27904969441239,-1.08604083416995
3.27904969441239,-1.08604083416995,3.27313324489245,-1.10371212357447
3.27313324489245,-1.10371212357447,3.36797828276337,-1.16380797430366
3.36797828276337,-1.16380797430366,3.3389724347291,-1.2249903658265
1.64730501602763,0.0348686791897231,1.70927147341269,0.0824105981353677
1.70927147341269,0.0824105981353677,1.79518679405905,-0.034416693337977
1.96484701520457,-0.116806095631056,2.05961150660823,-0.212009513284724
0.0346563749353707,-2.47643450932278,0.151039510149316,-2.50883101441677
0.151039510149316,-2.50883101441677,0.0715273876084566,-2.53810182939167
0.0715273876084566,-2.53810182939167,0.107165442192055,-2.54391924424287
0.138943970424288,-2.31245353484023,0.190982863216018,-2.33041580032603
0.190982863216018,-2.33041580032603,0.27834709773566,-2.365826737704
0.27834709773566,-2.365826737704,0.241422689269202,-2.39828198896023
0.241422689269202,-2.39828198896023,0.265460106316874,-2.42751130462345
0.381756074573059,-2.48529562075586,0.438543886120517,-2.47880903879693
2.52580905830646,-2.87153852445284,2.63835574530365,-2.87082677481472
2.63835574530365,-2.87082677481472,2.71246454068441,-2.83904395840975
2.71246454068441,-2.83904395840975,2.67686783958511,-2.91792162923019
2.67686783958511,-2.91792162923019,2.75076472154869,-2.84956340100956
2.75076472154869,-2.84956340100956,2.86418202421482,-2.831147826438
-0.0848225691963689,-2.54834809706791,-0.0639507871893234,-2.57863013943506
-0.0639507871893234,-2.57863013943506,-0.0502020878091885,-2.56700569932814
-0.0502020878091885,-2.56700569932814,-0.0298935781238172,-2.55439547665026
-0.0298935781238172,-2.55439547665026,-0.00388350945302032,-2.56551323182386
-0.00388350945302032,-2.56551323182386,-0.03875942918332,-2.55412322561385
-0.03875942918332,-2.55412322561385,0.0115279013453899,-2.57086159002291
0.0115279013453899,-2.57086159002291,0.0871892939466413,-2.5927834033616
0.0871892939466413,-2.5927834033616,0.125024404332547,-2.6075232102666
0.125024404332547,-2.6075232102666,0.174454590772817,-2.55851192774031
-0.532862036822689,-2.73177571821667,-0.509184159501596,-2.82277138861036
-0.509184159501596,-2.82277138861036,-0.466135650781062,-2.77651852654707
-0.466135650781062,-2.77651852654707,-0.509264869588743,-2.79503853347501
-0.509264869588743,-2.79503853347501,-0.457915044159843,-2.90306744976732
-0.532862036822689,-2.73177571821667,-0.516447982292395,-2.75570982756508
-0.516447982292395,-2.75570982756508,-0.507688786388067,-2.85071613564956
-0.507688786388067,-2.85071613564956,-0.550155694151126,-2.88877959931068
-0.550155694151126,-2.88877959931068,-0.55170518968588,-2.91940856721062
-0.55170518968588,-2.91940856721062,-0.532020418797345,-2.94900072924745
-0.532020418797345,-2.94900072924745,-0.464202978436102,-2.98585780764201
-0.464202978436102,-2.98585780764201,-0.525167166972881,-3.03367092502019
-0.525167166972881,-3.03367092502019,-0.487986152655044,-3.16241693976156
0.036836677342769,-4.66372620451715,-0.0324536154088795,-4.580149539945
0.134613394790505,-5.05907670663916,0.104863840778753,-5.14103709192624
0.104863840778753,-5.14103709192624,0.0959117669547277,-5.263415859905
0.0959117669547277,-5.263415859905,0.0772526320056848,-5.42294236927764
-0.0321657555385186,-5.60886307298877,-0.0391327701565881,-5.62106132014917
-0.0391327701565881,-5.62106132014917,-0.106725484796861,-5.73153461649802
-1.67004545846042,-2.58440442738057,-1.77148238507111,-2.61767271934766
-1.77148238507111,-2.61767271934766,-1.84618902664844,-2.66071610703832
-1.84618902664844,-2.66071610703832,-1.92232315844294,-2.76570889079984
-1.92232315844294,-2.76570889079984,-1.93464015354287,-2.82492978590329
-1.93464015354287,-2.82492978590329,-2.04917240913606,-2.92938167945681
-2.04917240913606,-2.92938167945681,-2.08568171945576,-2.98741409420323
-2.08568171945576,-2.98741409420323,-2.18737631593145,-3.05245539348397
-1.67004545846042,-2.58440442738057,-1.80169954126276,-2.71947567280475
-1.80169954126276,-2.71947567280475,-1.81994412844309,-2.76367167183039
-1.81994412844309,-2.76367167183039,-1.87171289743064,-2.76075968819907
-1.87171289743064,-2.76075968819907,-1.95582881477955,-2.82570352373289
-1.95582881477955,-2.82570352373289,-1.96571916079925,-2.88210256497454
-1.96571916079925,-2.88210256497454,-2.0610488638619,-3.00256396107375
-2.0610488638619,-3.00256396107375,-2.14406571005417,-3.13011453228048
-2.03577310152256,-1.80776685671139,-2.10478756357646,-1.73440120814011
-2.10478756357646,-1.73440120814011,-2.15205774689184,-1.59693779474945
-2.15205774689184,-1.59693779474945,-2.20244245834493,-1.59150927513552
-2.20244245834493,-1.59150927513552,-2.30451744981274,-1.46599728283792
-2.03577310152256,-1.80776685671139,-2.0089503140243,-1.87002395397379
-2.0089503140243,-1.87002395397379,-2.09570839780868,-1.87545338289978
-2.09570839780868,-1.87545338289978,-2.00323776825678,-2.05927966838881
-2.00323776825678,-2.05927966838881,-2.08751002968535,-1.94301184670738
-2.01822715914561,-2.25838202940263,-2.03592919157242,-2.152547061767
-2.03592919157242,-2.152547061767,-2.03977559212528,-2.26891614949071
-2.03977559212528,-2.26891614949071,-2.07202647701158,-2.19402322129159
-2.18537751482548,-2.79027437415887,-2.28592357934271,-2.94748251221258
-2.24297038936735,-1.0319482186433,-2.35567593350876,-0.911934068166695
-2.35567593350876,-0.911934068166695,-2.46761376012865,-0.78127916788555
-2.46761376012865,-0.78127916788555,-2.40434041069807,-0.816193476897031
-2.40434041069807,-0.816193476897031,-2.59322742782109,-0.742513383513206
-2.59322742782109,-0.742513383513206,-2.61124346925367,-0.690094746958361
-2.82950380531527,-0.592603619358127,-2.84482516162019,-0.528732887807975
-2.84482516162019,-0.528732887807975,-2.88079464177274,-0.419090275991729
-2.88079464177274,-0.419090275991729,-3.00538827813813,-0.357477269455894
-3.00538827813813,-0.357477269455894,-3.05566313287258,-0.233098219449581
-3.05566313287258,-0.233098219449581,-3.13978408850585,-0.246564642099063
-3.13978408850585,-0.246564642099063,-3.24860839028557,-0.221414795919352
-1.14365908089809,-2.25889695396619,-1.18796527376822,-2.30213494369675
-1.18796527376822,-2.30213494369675,-1.29641516421931,-2.32640880741309
0.195783414558808,0.794101827536796,0.386449257992719,0.790582375662946
-0.456129736789706,-2.28087151415685,-0.468986046020412,-2.26864909459586
-0.468986046020412,-2.26864909459586,-0.546137475556744,-2.27104560060829
-0.825608561749698,-2.1582030093084,-0.937346771182944,-2.13408498145745
-0.937346771182944,-2.13408498145745,-1.01712868427763,-2.07382910510998
-0.268086761309739,-2.38864370692328,-0.269626418016651,-2.40282779125879
-0.278980198673008,1.57742998465582,-0.343468808341929,1.67733776916348
-0.343468808341929,1.67733776916348,-0.347687223544153,1.79299767542171
0.0765271674106245,-2.46392815438105,0.0346563749353707,-2.47643450932278
0.0772526320056848,-5.42294236927764,0.0782565100827488,-5.47699173172403
0.0782565100827488,-5.47699173172403,-0.0321657555385186,-5.60886307298877
1.22572898959194,0.480992933549529,1.25233859744956,0.435793512587525
1.25233859744956,0.435793512587525,1.2583877564706,0.398423895988966
1.2583877564706,0.398423895988966,1.22255106814294,0.376775535395857
1.22255106814294,0.376775535395857,1.15890884423304,0.369994308656639
-0.265035132224556,-2.28629273532741,-0.456129736789706,-2.28087151415685
-1.62924555554275,-2.47412065345455,-1.59707601837332,-2.55521743823247
-1.59707601837332,-2.55521743823247,-1.744785717694,-2.56737669309946
-0.0730352280922428,-2.42870910660162,-0.0312125735112146,-2.46598606601549
-0.0312125735112146,-2.46598606601549,-0.103801076584164,-2.4673378627746
-1.35680183159992,0.784389339456191,-1.2610032610964,0.861991468250788
-1.2610032610964,0.861991468250788,-1.23772419669462,0.960439535733412
2.67451389422462,-0.339889107177302,2.77886273302257,-0.473531375335108
2.84828801130384,-0.905199300760547,2.86715385376134,-0.950910313085758
2.86715385376134,-0.950910313085758,3.02936566792578,-1.05672963918039
-0.000765750096685114,-2.44733135500665,0.0543443918361827,-2.43191695146872
0.0543443918361827,-2.43191695146872,0.156813621658523,-2.40424299087359
0.265460106316874,-2.42751130462345,0.332268487294587,-2.46328495031831
0.332268487294587,-2.46328495031831,0.381756074573059,-2.48529562075586
0.92006745633564,-2.53963169093232,0.954657091812142,-2.55445871487258
-2.08079391845438,-2.4896934766953,-2.06138973318667,-2.53356222321442
-0.0424193142211167,1.31520807365559,0.0199805901567042,1.41305537240132
0.0199805901567042,1.41305537240132,0.0542568396742734,1.4049539442606
2.44152399107622,-0.202503692251627,2.5226616598156,-0.207812317513404
3.12604231478124,-1.23275451395813,3.11687370772292,-1.36341769201252
3.17429917285913,-1.82903134612888,3.19497485336326,-1.68253646148247
3.19497485336326,-1.68253646148247,3.19961962269766,-1.55042354086862
3.19961962269766,-1.55042354086862,3.21919309564461,-1.73782023656286
3.21919309564461,-1.73782023656286,3.22594043277026,-1.87241029865889
0.438543886120517,-2.47880903879693,0.59423193305392,-2.49894621613373
-2.28592357934271,-2.94748251221258,-2.36513539266317,-3.08450280604658
-0.160385360820637,-2.36951955391754,-0.179736204238608,-2.41123665860415
-0.179736204238608,-2.41123665860415,-0.268086761309739,-2.38864370692328
0.156813621658523,-2.40424299087359,0.107885246762755,-2.43527235941102
0.107885246762755,-2.43527235941102,0.0765271674106245,-2.46392815438105
-3.4636255956644,-4.05562924127065,-3.60158619201788,-4.09435609784799
-3.60158619201788,-4.09435609784799,-3.78148118770879,-4.07133404549088
-2.06449693212696,0.876652071469288,-2.22839345210685,0.905501298202987
-2.22839345210685,0.905501298202987,-2.26705990217531,0.937011012453358
0.860745481394047,0.684579314427417,0.949728780606998,0.642520812326179
0.949728780606998,0.642520812326179,1.079836144362,0.628873041813155
1.15890884423304,0.369994308656639,1.12045235751266,0.30797383514973
1.12045235751266,0.30797383514973,1.18040084085473,0.237702095982784
-0.401610128427492,0.675140136580603,-0.48912378601142,0.718595056730003
-0.48912378601142,0.718595056730003,-0.647029914735643,0.639371531067315
-0.182792093372765,-2.37403919788452,-0.0919005913433377,-2.38242948440653
-0.0919005913433377,-2.38242948440653,-0.0730352280922428,-2.42870910660162
-1.37474752601527,0.604552863953749,-1.37163661422028,0.741395712919832
-1.37163661422028,0.741395712919832,-1.46544765888522,0.811114768325468
1.64730501602763,0.0348686791897231,1.7205345684574,0.0609290459224847
1.7205345684574,0.0609290459224847,1.7516565042174,0.0290941350417896
1.77557607776493,0.0330143125227142,1.89618758875052,0.00824499423900473
1.89618758875052,0.00824499423900473,1.97595065677804,-0.00287506384819765
3.11687370772292,-1.36341769201252,3.15973908750188,-1.53577995392894
2.03214889858809,-2.83422041861647,2.21706587980303,-2.86952344192923
2.21706587980303,-2.86952344192923,2.35396951801061,-2.89247963568421
2.35396951801061,-2.89247963568421,2.43783620689303,-2.87970755078895
2.43783620689303,-2.87970755078895,2.52580905830646,-2.87153852445284
-2.08751002968535,-1.94301184670738,-1.98981704618257,-2.06432152446244
-1.98981704618257,-2.06432152446244,-2.01822715914561,-2.25838202940263
-2.61191398972553,-3.41435619439595,-2.70888438760821,-3.55392413035033
-0.00731135718338501,-2.15246623321054,-0.0832271716229309,-2.23413575478745
-0.0832271716229309,-2.23413575478745,-0.217255357364711,-2.28631299895266
-0.217255357364711,-2.28631299895266,-0.265035132224556,-2.28629273532741
0.206531911697067,-2.1412021803315,0.141554198533536,-2.26596197670336
0.141554198533536,-2.26596197670336,0.0539651040019465,-2.34851618460434
-0.0832271716229309,-2.23413575478745,-0.124738595761858,-2.2921158059921
-0.124738595761858,-2.2921158059921,-0.182792093372765,-2.37403919788452
-0.591812825786903,0.657077880290101,-0.688307775640539,0.648894016534235
-0.688307775640539,0.648894016534235,-0.749670933581884,0.597164530525179
-1.90871962450568,-1.38734079515514,-1.96754617092854,-1.2771427086373
-1.96754617092854,-1.2771427086373,-1.96924130289781,-1.19035360634321
-0.264628271052419,-3.7929324474756,-0.199386752458876,-3.92423346332746
-2.61124346925367,-0.690094746958361,-2.67139654475843,-0.620944017618692
-2.67139654475843,-0.620944017618692,-2.82950380531527,-0.592603619358127
0.0539651040019465,-2.34851618460434,0.0214023726367294,-2.35948444712519
0.0214023726367294,-2.35948444712519,0.0574756431076689,-2.42448791016461
0.0574756431076689,-2.42448791016461,0.00428981306369362,-2.43590535385131
0.00428981306369362,-2.43590535385131,-0.000765750096685114,-2.44733135500665
1.13846774700261,0.123881184058614,1.14701603410139,-0.00627942433945707
1.14701603410139,-0.00627942433945707,1.10446249613376,-0.124675382922424
2.58956045674952,-0.569763401212722,2.67498023946549,-0.696745037532863
1.3197960819583,-0.235468709749439,1.38732215028154,-0.108007386975291
1.38732215028154,-0.108007386975291,1.44191380802368,-0.0182819202154253
3.15973908750188,-1.53577995392894,3.1720448070065,-1.70148352600555
3.1720448070065,-1.70148352600555,3.17429917285913,-1.82903134612888
0.128840956488626,-1.94775588506938,0.0796165342643139,-1.99563262607532
1.10446249613376,-0.124675382922424,1.00627742220474,-0.277160556119699
-0.510127896272018,-2.31473807132891,-0.58128267503017,-2.27774026361991
-0.58128267503017,-2.27774026361991,-0.739040443742313,-2.20968396891694
2.15930084007666,0.253566093200144,2.22589074095327,0.242618202039168
2.22589074095327,0.242618202039168,2.37864790225255,0.189465428215078
-1.41008789563357,-1.90717711450628,-1.45524469717654,-1.75764149963792
-1.45524469717654,-1.75764149963792,-1.51668804480992,-1.69392947598625
-0.487986152655044,-3.16241693976156,-0.414899655796814,-3.24489404762576
-0.414899655796814,-3.24489404762576,-0.399665089556217,-3.32860675390363
-2.06138973318667,-2.53356222321442,-2.15324388817407,-2.65048324193144
-2.15324388817407,-2.65048324193144,-2.18537751482548,-2.79027437415887
0.386449257992719,0.790582375662946,0.471487337122566,0.775007992164486
0.471487337122566,0.775007992164486,0.597852142601942,0.717118245598496
-0.0324536154088795,-4.580149539945,3.26392465556727e-07,-4.75179237066785
3.26392465556727e-07,-4.75179237066785,0.0780222859798058,-4.85640897552243
-2.07202647701158,-2.19402322129159,-2.06571001439498,-2.28904290045184
-2.06571001439498,-2.28904290045184,-2.08079391845438,-2.4896934766953
0.21387526743425,-2.20645594679928,0.162741151794872,-2.25403854270723
0.162741151794872,-2.25403854270723,0.138943970424288,-2.31245353484023
1.44191380802368,-0.0182819202154253,1.46580164251893,0.00744379239969664
1.46580164251893,0.00744379239969664,1.46822249446719,0.0769613640687342
-3.04996594409541,-3.81810564587862,-3.15169262597971,-3.8918411549077
-3.15169262597971,-3.8918411549077,-3.29558764807221,-3.96424138147537
-0.0381946404262019,-4.47295513156041,0.036836677342769,-4.66372620451715
3.04694960305833,-0.752752526113797,3.13795836903753,-0.863670266633761
3.13795836903753,-0.863670266633761,3.17380779698756,-0.956833456489143
-0.399665089556217,-3.32860675390363,-0.375149641083243,-3.42557322191047
-0.375149641083243,-3.42557322191047,-0.322928532683206,-3.58565294394214
-2.16303740608848,-1.16239872901379,-2.21246958606277,-1.11606893599396
-2.21246958606277,-1.11606893599396,-2.24297038936735,-1.0319482186433
0.0780222859798058,-4.85640897552243,0.0840864551362528,-4.97869313363677
0.0840864551362528,-4.97869313363677,0.134613394790505,-5.05907670663916
1.18040084085473,0.237702095982784,1.1318414677578,0.181623375909675
1.1318414677578,0.181623375909675,1.13846774700261,0.123881184058614
2.5226616598156,-0.207812317513404,2.61658458585315,-0.301891375111907
2.61658458585315,-0.301891375111907,2.67795878900725,-0.352082330652991
0.59423193305392,-2.49894621613373,0.738495815770099,-2.53527805210395
0.738495815770099,-2.53527805210395,0.92006745633564,-2.53963169093232
0.29090391975634,-1.99653751931693,0.273804185486033,-2.12664013456774
0.273804185486033,-2.12664013456774,0.21387526743425,-2.20645594679928
1.24210785426859,-0.364599632382715,1.3197960819583,-0.235468709749439
0.0796165342643139,-1.99563262607532,0.0261430217216276,-2.11995649746607
0.0261430217216276,-2.11995649746607,-0.00731135718338501,-2.15246623321054
0.354532336375662,-1.63861248187228,0.283942911624505,-1.81739164270068
0.283942911624505,-1.81739164270068,0.128840956488626,-1.94775588506938
2.46261727966724,0.104335259036151,2.5832423151577,0.0586612405684118
2.5832423151577,0.0586612405684118,2.65874560625875,0.00679751422393527
2.01336736162999,2.01241110297207,1.97444811767369,2.15560147217693
1.97444811767369,2.15560147217693,1.95478377271892,2.2551937308591
1.97595065677804,-0.00287506384819765,2.04741183892705,-0.0306676271693279
2.04741183892705,-0.0306676271693279,2.1585948800918,-0.0651419951846181
2.77886273302257,-0.473531375335108,2.86378458131555,-0.543136230690017
2.86378458131555,-0.543136230690017,2.91826799457545,-0.6080500146459
1.84035726935616,-2.79375790893701,1.96062816799088,-2.80931643672478
1.96062816799088,-2.80931643672478,2.03214889858809,-2.83422041861647
-0.199386752458876,-3.92423346332746,-0.138482696057125,-4.10415300889206
-0.138482696057125,-4.10415300889206,-0.102600125981601,-4.25821954009405
2.67498023946549,-0.696745037532863,2.77013256231477,-0.795061183381216
2.77013256231477,-0.795061183381216,2.84828801130384,-0.905199300760547
0.277562890735807,-2.0001253715303,0.247020513620253,-2.09002845873029
0.247020513620253,-2.09002845873029,0.206531911697067,-2.1412021803315
0.38793961747969,-1.98630602065508,0.461123797288607,-1.83462717376497
0.461123797288607,-1.83462717376497,0.48117239140775,-1.6927706537778
1.00627742220474,-0.277160556119699,0.977776696566961,-0.432522124197153
0.907765890351625,-0.627819574046516,0.894959392320714,-0.800578192020843
0.435772763769003,-1.73437388027523,0.394265184409502,-1.86710436096677
0.394265184409502,-1.86710436096677,0.38793961747969,-1.98630602065508
0.609959467196197,-1.49794799629059,0.524630747969672,-1.62362028104198
0.524630747969672,-1.62362028104198,0.435853625809715,-1.77483325098644
0.435853625809715,-1.77483325098644,0.349401631415429,-1.9111258388617
0.349401631415429,-1.9111258388617,0.277562890735807,-2.0001253715303
0.609959467196197,-1.49794799629059,0.540792834386078,-1.6529216481617
0.540792834386078,-1.6529216481617,0.428751327962897,-1.75718775548679
1.02737885114017,-0.714718092682725,1.14808311802633,-0.552207172363444
-0.317262628310677,0.744637197130612,-0.213519745986215,0.756048413546482
-0.213519745986215,0.756048413546482,-0.0949032523291796,0.804543343155148
0.662275114181667,0.760971382690214,0.754564538721414,0.720870050349051
0.754564538721414,0.720870050349051,0.860745481394047,0.684579314427417
-0.106725484796861,-5.73153461649802,-0.189702958070727,-5.81209339099935
-0.189702958070727,-5.81209339099935,-0.256905544866747,-5.88470448763645
0.954657091812142,-2.55445871487258,1.05409776862675,-2.62877313118351
1.05409776862675,-2.62877313118351,1.22784202086397,-2.6311860352612
2.24444589061013,-0.291660204103372,2.34519082872274,-0.353353490330565
2.34519082872274,-0.353353490330565,2.44596875661055,-0.392778058456719
2.44596875661055,-0.392778058456719,2.50879812306217,-0.479637535334219
2.50879812306217,-0.479637535334219,2.58956045674952,-0.569763401212722
-2.36513539266317,-3.08450280604658,-2.42730574294482,-3.19572096095964
-2.42730574294482,-3.19572096095964,-2.49987586298216,-3.26541329627158
-2.87840398505858,-3.69756889053856,-2.94428254854796,-3.76609901471926
-2.94428254854796,-3.76609901471926,-3.04996594409541,-3.81810564587862
1.57549987231875,-2.73955732028501,1.72279083825985,-2.79182099736848
1.72279083825985,-2.79182099736848,1.84035726935616,-2.79375790893701
0.686100125324363,-1.23535594551851,0.668452496296839,-1.34259643714276
0.668452496296839,-1.34259643714276,0.609959467196197,-1.49794799629059
0.428751327962897,-1.75718775548679,0.346885376133093,-1.89561733950205
0.346885376133093,-1.89561733950205,0.29090391975634,-1.99653751931693
0.873182225115681,-1.06938051349976,0.928329704558535,-0.901231178791753
1.10446249613376,-0.124675382922424,1.04841930753468,-0.243099995949618
1.04841930753468,-0.243099995949618,1.02181777449542,-0.3367148389081
1.02181777449542,-0.3367148389081,0.966672720690899,-0.434000436898791
0.966672720690899,-0.434000436898791,0.913877442159228,-0.568068990566849
0.913877442159228,-0.568068990566849,0.835414104918178,-0.718195987485915
0.835414104918178,-0.718195987485915,0.750812552034407,-0.861491400601075
0.750812552034407,-0.861491400601075,0.680275017591706,-1.0104987719853
0.680275017591706,-1.0104987719853,0.663602966767524,-1.15424913249456
0.48117239140775,-1.6927706537778,0.589617883598858,-1.56119094050847
0.589617883598858,-1.56119094050847,0.664418106027359,-1.45996113724418
0.853948927085082,-0.833756475301893,0.759617788188536,-1.01328799408519
0.463541879304969,-1.39337575555864,0.431561392914789,-1.54688823667707
0.431561392914789,-1.54688823667707,0.354532336375662,-1.63861248187228
0.674923810209743,-1.24103761298618,0.595627669953884,-1.38626524442724
0.595627669953884,-1.38626524442724,0.521864202171558,-1.52994761017949
-0.902905700031488,-2.1811058053862,-0.987089743152089,-2.10494758882655
-0.987089743152089,-2.10494758882655,-1.07856090001268,-2.06721319466236
1.79518679405905,-0.034416693337977,1.88625026057803,-0.0845179463719842
1.88625026057803,-0.0845179463719842,1.96484701520457,-0.116806095631056
-2.18737631593145,-3.05245539348397,-2.22632377273333,-3.11604808724006
-2.22632377273333,-3.11604808724006,-2.29646366914901,-3.21354240608315
2.05961150660823,-0.212009513284724,2.15102713794588,-0.264381789607267
2.15102713794588,-0.264381789607267,2.24444589061013,-0.291660204103372
3.02936566792578,-1.05672963918039,3.08912274551572,-1.14655215325921
3.08912274551572,-1.14655215325921,3.12604231478124,-1.23275451395813
-2.70888438760821,-3.55392413035033,-2.79290646174343,-3.64955199184921
-2.79290646174343,-3.64955199184921,-2.87840398505858,-3.69756889053856
-3.29558764807221,-3.96424138147537,-3.37101839380955,-4.01574006563959
-3.37101839380955,-4.01574006563959,-3.4636255956644,-4.05562924127065
-2.49987586298216,-3.26541329627158,-2.5525007768949,-3.31256108192812
-2.5525007768949,-3.31256108192812,-2.61191398972553,-3.41435619439595
-0.322928532683206,-3.58565294394214,-0.28124000759502,-3.68072798375228
-0.28124000759502,-3.68072798375228,-0.264628271052419,-3.7929324474756
0.521864202171558,-1.52994761017949,0.481009079527551,-1.61601184636683
0.481009079527551,-1.61601184636683,0.435772763769003,-1.73437388027523
-0.102600125981601,-4.25821954009405,-0.0813018814521232,-4.36946157673421
-0.0813018814521232,-4.36946157673421,-0.0381946404262019,-4.47295513156041
1.22784202086397,-2.6311860352612,1.27579451721703,-2.66981206932654
1.27579451721703,-2.66981206932654,1.37879397751934,-2.68108247837194
1.37879397751934,-2.68108247837194,1.463706211465,-2.72501673576371
1.463706211465,-2.72501673576371,1.57549987231875,-2.73955732028501
0.664418106027359,-1.45996113724418,0.707894839450271,-1.36450838077534
0.707894839450271,-1.36450838077534,0.765904796113693,-1.25561135948544
1.14808311802633,-0.552207172363444,1.20591558548705,-0.447614302006853
1.20591558548705,-0.447614302006853,1.24210785426859,-0.364599632382715
0.907765890351625,-0.627819574046516,0.860551819036596,-0.728905047008078
0.860551819036596,-0.728905047008078,0.853948927085082,-0.833756475301893
0.977776696566961,-0.432522124197153,0.958053756693212,-0.523750519560964
0.958053756693212,-0.523750519560964,0.907765890351625,-0.627819574046516
0.663602966767524,-1.15424913249456,0.601106759969741,-1.23469155375779
0.601106759969741,-1.23469155375779,0.531028330083016,-1.32023746068168
0.531028330083016,-1.32023746068168,0.463541879304969,-1.39337575555864
0.894959392320714,-0.800578192020843,0.819214263904924,-0.922307494590765
0.819214263904924,-0.922307494590765,0.766875881316168,-1.01649193065568
0.766875881316168,-1.01649193065568,0.719629866523576,-1.14132164473629
0.719629866523576,-1.14132164473629,0.674923810209743,-1.24103761298618
0.928329704558535,-0.901231178791753,0.990583658926244,-0.795406720305764
0.990583658926244,-0.795406720305764,1.02737885114017,-0.714718092682725
0.765904796113693,-1.25561135948544,0.817877676884842,-1.17556232825806
0.817877676884842,-1.17556232825806,0.873182225115681,-1.06938051349976
0.759617788188536,-1.01328799408519,0.713649874013745,-1.10915291747532
0.713649874013745,-1.10915291747532,0.686100125324363,-1.23535594551851
