1.88817321183449
2.04562317197667
2.83084839824379
3.94538428044587
3.19012266815537
3.80784416483111
4.19632372855985
4.37937003873824
4.57866085880237
4.79715489644119
7.05845928671269
6.64304617118499
7.50952274749197
9.10724835944728
8.81687482600489
9.15651265633366
9.29299403608871
9.03700489668309
9.10060779667572
8.42737666630778
8.58803855781375
8.45099886186148
9.05655429882329
9.47349987751599
9.42860422592866
9.76551570797716
10.3664618257986
9.95383054025191
10.79582628939
12.9737677194438
