1.27979450799105
1.67289923282177
2.34770291409783
3.83730991781531
3.99509857430767
3.94984719324263
4.81960850965989
5.5205564664438
7.00318180694774
7.35987761116717
7.77623624736001
8.0847970819602
8.15021673242926
9.00905565356853
9.23734535147184
9.38775236585313
9.27355824388623
8.55752463835395
8.56103550378391
9.36703943686754
9.68433849458154
9.70100034453094
10.0372271461518
10.2785136935094
10.8848655880762
12.0534176519699
12.4787139807709
12.6782482690725
14.3211812069724
14.3919940124383
