0.961513336531824
1.26356598160002
1.5492599367328
0.626837464779162
3.12238741953976
0.679141393845802
3.5262704510434
4.12915701044754
3.77079493144015
4.00502716746217
3.63809286446828
4.27415425704547
4.09947844293472
2.7960922210159
2.9542341075907
3.39391263495168
3.32538914531667
4.5119782136818
4.51221769799569
5.1506313477999
5.19958554273299
5.67999766356695
5.50656282116875
5.87718650457787
5.91394405628014
3.43944587200578
7.22784685686588
4.56606945105505
5.4901316498383
6.06876422269797
