1.31008732787552
1.949133092746
2.35620494447436
3.2557385250422
2.9536972934897
3.93380342677993
3.21507160632837
3.53250155433939
4.09090375194356
4.21927359623587
4.32212928261183
5.19300544513568
5.04114347019927
5.80595650609435
6.19090999156927
6.07479939295023
7.15581318173783
6.96538443035965
8.19231078249856
7.62189191324656
7.51871401013985
7.55590449449106
8.3589043072702
8.91260488972522
9.12647688973045
9.77803477625962
9.98444887983367
10.656716510677
11.0920020523213
12.3792685011499
