1.31008732787552,0,0,1.24232332409777,0,1.24232332409777,0,0,0,0,0,0,0,0,0,0,0,0,0,0,0,0,0,0,0,0,0,0,0,0
0,1.949133092746,0.234345420442137,0,0.234345420442137,0,0.234345420442137,0.234345420442136,0.234345420442137,0.234345420442137,0.234345420442137,0.234345420442137,0.234345420442137,0.234345420442138,0.234345420442138,0.234345420442136,0.234345420442137,0.234345420442138,0.234345420442137,0.234345420442136,0.234345420442138,0.234345420442137,0.234345420442137,0.234345420442137,0.234345420442137,0.234345420442136,0.234345420442138,0.234345420442136,0.234345420442137,0.234345420442136
0,0.234345420442137,2.35620494447436,0,1.97970191628057,0,1.97970191628057,1.90841620975266,2.21294783369948,0.667986882904327,0.667986882904327,0.667986882904327,1.90841620975266,0.667986882904327,0.667986882904328,1.90841620975266,0.667986882904327,0.667986882904327,0.667986882904327,0.667986882904327,0.667986882904328,0.667986882904327,0.667986882904327,0.667986882904327,0.667986882904327,0.667986882904326,0.667986882904327,0.667986882904327,0.667986882904327,0.667986882904327
1.24232332409777,0,0,3.2557385250422,0,2.48826160114599,0,0,0,0,0,0,0,0,0,0,0,0,0,0,0,0,0,0,0,0,0,0,0,0
0,0.234345420442137,1.97970191628057,0,2.9536972934897,0,2.36115703553738,1.90841620975266,1.97970191628057,0.667986882904327,0.667986882904327,0.667986882904327,1.90841620975266,0.667986882904327,0.667986882904327,1.90841620975266,0.667986882904327,0.667986882904327,0.667986882904327,0.667986882904327,0.667986882904327,0.667986882904327,0.667986882904327,0.667986882904326,0.667986882904327,0.667986882904326,0.667986882904327,0.667986882904326,0.667986882904326,0.667986882904327
1.24232332409777,0,0,2.48826160114599,0,3.93380342677993,0,0,0,0,0,0,0,0,0,0,0,0,0,0,0,0,0,0,0,0,0,0,0,0
0,0.234345420442137,1.97970191628057,0,2.36115703553738,0,3.21507160632837,1.90841620975266,1.97970191628057,0.667986882904327,0.667986882904327,0.667986882904327,1.90841620975266,0.667986882904327,0.667986882904327,1.90841620975266,0.667986882904327,0.667986882904327,0.667986882904327,0.667986882904327,0.667986882904327,0.667986882904327,0.667986882904327,0.667986882904326,0.667986882904327,0.667986882904326,0.667986882904327,0.667986882904326,0.667986882904326,0.667986882904327
0,0.234345420442136,1.90841620975266,0,1.90841620975266,0,1.90841620975266,3.53250155433939,1.90841620975266,0.667986882904327,0.667986882904327,0.667986882904327,3.30975027259752,0.667986882904328,0.667986882904327,3.30975027259752,0.667986882904327,0.667986882904327,0.667986882904327,0.667986882904327,0.667986882904327,0.667986882904328,0.667986882904327,0.667986882904325,0.667986882904328,0.667986882904327,0.667986882904327,0.667986882904325,0.667986882904325,0.667986882904328
0,0.234345420442137,2.21294783369948,0,1.97970191628057,0,1.97970191628057,1.90841620975266,4.09090375194356,0.667986882904327,0.667986882904327,0.667986882904327,1.90841620975266,0.667986882904327,0.667986882904327,1.90841620975266,0.667986882904327,0.667986882904327,0.667986882904327,0.667986882904327,0.667986882904327,0.667986882904327,0.667986882904327,0.667986882904326,0.667986882904327,0.667986882904326,0.667986882904327,0.667986882904326,0.667986882904326,0.667986882904327
0,0.234345420442137,0.667986882904327,0,0.667986882904327,0,0.667986882904327,0.667986882904327,0.667986882904327,4.21927359623587,3.69994469092583,4.02439817057532,0.667986882904327,3.61943723989708,3.61943723989707,0.667986882904327,2.29747059637472,3.61943723989708,2.29747059637472,2.29747059637472,3.61943723989707,3.61943723989708,2.29747059637472,2.29747059637472,2.29747059637472,2.29747059637472,2.29747059637472,2.29747059637472,2.29747059637472,2.29747059637472
0,0.234345420442137,0.667986882904327,0,0.667986882904327,0,0.667986882904327,0.667986882904327,0.667986882904327,3.69994469092583,4.32212928261183,3.69994469092583,0.667986882904327,3.61943723989708,3.61943723989707,0.667986882904327,2.29747059637472,3.61943723989707,2.29747059637472,2.29747059637472,3.61943723989707,3.61943723989708,2.29747059637472,2.29747059637472,2.29747059637472,2.29747059637472,2.29747059637472,2.29747059637472,2.29747059637472,2.29747059637472
0,0.234345420442137,0.667986882904327,0,0.667986882904327,0,0.667986882904327,0.667986882904327,0.667986882904327,4.02439817057532,3.69994469092583,5.19300544513568,0.667986882904327,3.61943723989708,3.61943723989707,0.667986882904327,2.29747059637472,3.61943723989707,2.29747059637472,2.29747059637472,3.61943723989707,3.61943723989708,2.29747059637472,2.29747059637472,2.29747059637472,2.29747059637472,2.29747059637472,2.29747059637472,2.29747059637472,2.29747059637472
0,0.234345420442137,1.90841620975266,0,1.90841620975266,0,1.90841620975266,3.30975027259752,1.90841620975266,0.667986882904327,0.667986882904327,0.667986882904327,5.04114347019927,0.667986882904328,0.667986882904327,4.79221852734182,0.667986882904327,0.667986882904327,0.667986882904327,0.667986882904327,0.667986882904327,0.667986882904328,0.667986882904327,0.667986882904326,0.667986882904328,0.667986882904327,0.667986882904327,0.667986882904326,0.667986882904327,0.667986882904328
0,0.234345420442138,0.667986882904327,0,0.667986882904327,0,0.667986882904327,0.667986882904328,0.667986882904327,3.61943723989708,3.61943723989708,3.61943723989708,0.667986882904328,5.80595650609435,4.79734531496809,0.667986882904327,2.29747059637472,4.5518077221248,2.29747059637472,2.29747059637472,4.79734531496809,4.5518077221248,2.29747059637472,2.29747059637472,2.29747059637472,2.29747059637472,2.29747059637472,2.29747059637472,2.29747059637472,2.29747059637472
0,0.234345420442138,0.667986882904328,0,0.667986882904327,0,0.667986882904327,0.667986882904327,0.667986882904327,3.61943723989707,3.61943723989707,3.61943723989707,0.667986882904327,4.79734531496809,6.19090999156927,0.667986882904328,2.29747059637472,4.5518077221248,2.29747059637472,2.29747059637472,5.81993717644056,4.5518077221248,2.29747059637472,2.29747059637472,2.29747059637472,2.29747059637472,2.29747059637472,2.29747059637472,2.29747059637472,2.29747059637472
0,0.234345420442136,1.90841620975266,0,1.90841620975266,0,1.90841620975266,3.30975027259752,1.90841620975266,0.667986882904327,0.667986882904327,0.667986882904327,4.79221852734182,0.667986882904327,0.667986882904328,6.07479939295023,0.667986882904327,0.667986882904327,0.667986882904327,0.667986882904327,0.667986882904328,0.667986882904327,0.667986882904327,0.667986882904327,0.667986882904327,0.667986882904325,0.667986882904327,0.667986882904327,0.667986882904327,0.667986882904327
0,0.234345420442137,0.667986882904327,0,0.667986882904327,0,0.667986882904327,0.667986882904327,0.667986882904327,2.29747059637472,2.29747059637472,2.29747059637472,0.667986882904327,2.29747059637472,2.29747059637472,0.667986882904327,7.15581318173783,2.29747059637472,6.26646850999012,6.89352565204463,2.29747059637472,2.29747059637472,5.7919551702576,5.7919551702576,6.26646850999012,5.7919551702576,5.7919551702576,5.7919551702576,5.7919551702576,6.26646850999011
0,0.234345420442138,0.667986882904327,0,0.667986882904327,0,0.667986882904327,0.667986882904327,0.667986882904327,3.61943723989708,3.61943723989707,3.61943723989707,0.667986882904327,4.5518077221248,4.5518077221248,0.667986882904327,2.29747059637472,6.96538443035965,2.29747059637472,2.29747059637472,4.5518077221248,6.1776887566917,2.29747059637472,2.29747059637472,2.29747059637472,2.29747059637472,2.29747059637472,2.29747059637472,2.29747059637472,2.29747059637472
0,0.234345420442137,0.667986882904327,0,0.667986882904327,0,0.667986882904327,0.667986882904327,0.667986882904327,2.29747059637472,2.29747059637472,2.29747059637472,0.667986882904327,2.29747059637472,2.29747059637472,0.667986882904327,6.26646850999012,2.29747059637472,8.19231078249856,6.26646850999012,2.29747059637472,2.29747059637472,5.7919551702576,5.7919551702576,7.19828809002201,5.7919551702576,5.7919551702576,5.7919551702576,5.7919551702576,7.64038081967742
0,0.234345420442136,0.667986882904327,0,0.667986882904327,0,0.667986882904327,0.667986882904327,0.667986882904327,2.29747059637472,2.29747059637472,2.29747059637472,0.667986882904327,2.29747059637472,2.29747059637472,0.667986882904327,6.89352565204463,2.29747059637472,6.26646850999012,7.62189191324656,2.29747059637472,2.29747059637472,5.7919551702576,5.7919551702576,6.26646850999012,5.7919551702576,5.7919551702576,5.7919551702576,5.7919551702576,6.26646850999011
0,0.234345420442138,0.667986882904328,0,0.667986882904327,0,0.667986882904327,0.667986882904327,0.667986882904327,3.61943723989707,3.61943723989707,3.61943723989707,0.667986882904327,4.79734531496809,5.81993717644056,0.667986882904328,2.29747059637472,4.5518077221248,2.29747059637472,2.29747059637472,7.51871401013985,4.5518077221248,2.29747059637472,2.29747059637472,2.29747059637472,2.29747059637472,2.29747059637472,2.29747059637472,2.29747059637472,2.29747059637472
0,0.234345420442137,0.667986882904327,0,0.667986882904327,0,0.667986882904327,0.667986882904328,0.667986882904327,3.61943723989708,3.61943723989708,3.61943723989708,0.667986882904328,4.5518077221248,4.5518077221248,0.667986882904327,2.29747059637472,6.1776887566917,2.29747059637472,2.29747059637472,4.5518077221248,7.55590449449106,2.29747059637472,2.29747059637472,2.29747059637472,2.29747059637472,2.29747059637472,2.29747059637472,2.29747059637472,2.29747059637472
0,0.234345420442137,0.667986882904327,0,0.667986882904327,0,0.667986882904327,0.667986882904327,0.667986882904327,2.29747059637472,2.29747059637472,2.29747059637472,0.667986882904327,2.29747059637472,2.29747059637472,0.667986882904327,5.7919551702576,2.29747059637472,5.7919551702576,5.7919551702576,2.29747059637472,2.29747059637472,8.3589043072702,6.86625222804709,5.7919551702576,6.86625222804709,7.97493149624079,6.86625222804709,6.86625222804709,5.7919551702576
0,0.234345420442137,0.667986882904327,0,0.667986882904326,0,0.667986882904326,0.667986882904325,0.667986882904326,2.29747059637472,2.29747059637472,2.29747059637472,0.667986882904326,2.29747059637472,2.29747059637472,0.667986882904327,5.7919551702576,2.29747059637472,5.7919551702576,5.7919551702576,2.29747059637472,2.29747059637472,6.86625222804709,8.91260488972522,5.7919551702576,7.81231670745279,6.86625222804709,7.81231670745278,8.8394658274764,5.7919551702576
0,0.234345420442137,0.667986882904327,0,0.667986882904327,0,0.667986882904327,0.667986882904328,0.667986882904327,2.29747059637472,2.29747059637472,2.29747059637472,0.667986882904328,2.29747059637472,2.29747059637472,0.667986882904327,6.26646850999012,2.29747059637472,7.19828809002201,6.26646850999012,2.29747059637472,2.29747059637472,5.7919551702576,5.7919551702576,9.12647688973045,5.7919551702576,5.7919551702576,5.7919551702576,5.7919551702576,7.198288090022
0,0.234345420442136,0.667986882904326,0,0.667986882904326,0,0.667986882904326,0.667986882904327,0.667986882904326,2.29747059637472,2.29747059637472,2.29747059637472,0.667986882904327,2.29747059637472,2.29747059637472,0.667986882904325,5.7919551702576,2.29747059637472,5.7919551702576,5.7919551702576,2.29747059637472,2.29747059637472,6.86625222804709,7.81231670745279,5.7919551702576,9.77803477625962,6.86625222804709,8.81040001703031,7.81231670745279,5.7919551702576
0,0.234345420442138,0.667986882904327,0,0.667986882904327,0,0.667986882904327,0.667986882904327,0.667986882904327,2.29747059637472,2.29747059637472,2.29747059637472,0.667986882904327,2.29747059637472,2.29747059637472,0.667986882904327,5.7919551702576,2.29747059637472,5.7919551702576,5.7919551702576,2.29747059637472,2.29747059637472,7.97493149624079,6.86625222804709,5.7919551702576,6.86625222804709,9.98444887983367,6.86625222804709,6.86625222804709,5.7919551702576
0,0.234345420442136,0.667986882904327,0,0.667986882904326,0,0.667986882904326,0.667986882904325,0.667986882904326,2.29747059637472,2.29747059637472,2.29747059637472,0.667986882904326,2.29747059637472,2.29747059637472,0.667986882904327,5.7919551702576,2.29747059637472,5.7919551702576,5.7919551702576,2.29747059637472,2.29747059637472,6.86625222804709,7.81231670745278,5.7919551702576,8.81040001703031,6.86625222804709,10.656716510677,7.81231670745278,5.7919551702576
0,0.234345420442137,0.667986882904327,0,0.667986882904326,0,0.667986882904326,0.667986882904325,0.667986882904326,2.29747059637472,2.29747059637472,2.29747059637472,0.667986882904327,2.29747059637472,2.29747059637472,0.667986882904327,5.7919551702576,2.29747059637472,5.7919551702576,5.7919551702576,2.29747059637472,2.29747059637472,6.86625222804709,8.8394658274764,5.7919551702576,7.81231670745279,6.86625222804709,7.81231670745278,11.0920020523213,5.7919551702576
0,0.234345420442136,0.667986882904327,0,0.667986882904327,0,0.667986882904327,0.667986882904328,0.667986882904327,2.29747059637472,2.29747059637472,2.29747059637472,0.667986882904328,2.29747059637472,2.29747059637472,0.667986882904327,6.26646850999011,2.29747059637472,7.64038081967742,6.26646850999011,2.29747059637472,2.29747059637472,5.7919551702576,5.7919551702576,7.198288090022,5.7919551702576,5.7919551702576,5.7919551702576,5.7919551702576,12.3792685011499
