0.182052889844082
0.358867501972374
1.93551440660204
2.61134659453777
2.02803251553544
3.32726930528214
3.26098604006686
2.43349450252739
2.73366192418949
3.98061536540212
4.13837921217068
4.29427339630221
5.48631403876052
4.07503167175994
4.09037963231528
4.27036103753569
3.89442045868884
2.38750294156137
3.18492998214204
5.35226315737437
2.87222822162376
3.89738270282533
4.66495373588904
5.09884877051963
6.86063462124774
5.56673891824062
5.72686540276814
5.78789598128848
6.96849105639563
7.16357589457042
