3.01916732617109
3.31252297879917
3.34130908776072
3.68308512932378
3.46599703856827
3.90557755819219
4.15790466314215
5.06106240418415
5.15067947583287
5.4625792879914
6.22214765900484
6.12339592070537
6.16606861802463
6.08146333732538
6.66071458272776
7.24131353389723
7.24459975168167
7.8183115885985
7.54763904521001
7.40298022405733
7.92377059901206
8.11683457764268
8.91336753475921
8.76861990246674
9.02860609549673
9.05579943672852
9.75605476012937
10.402137919377
9.44809649892301
10.7666181879821
