0.342601775333212
0.675825497125652
1.95700754576351
3.66987886246278
2.63791121551888
3.77952387614499
2.10379285469905
3.04910754025231
3.9794998242703
3.8204106152521
4.28870781315001
3.79897018157493
4.27437238973227
2.04433138846642
2.71446030978552
1.52653508954303
4.81322639541357
3.08038605653109
4.1497355992012
4.04588647995466
5.00401014386202
2.69821721447078
1.90647965046344
2.98132108596874
4.78991176571002
4.74833737328995
4.1111252234269
5.48628383926221
4.37396554541164
6.8092479043619
