1.32503116026439
1.47634030924747
1.21135786076531
0.525207223083697
2.70573082971662
3.642441823597
3.38490404826254
4.15323573966279
3.565253035278
4.30645641382773
5.23425728847165
4.14957489197086
5.32073172800338
4.21704683750786
3.1209065073569
3.88235226055811
4.68294384576975
3.87354100168023
4.48562869970948
5.19170167701234
6.19539768537859
5.50875072956685
5.84481513622026
4.75600733920712
6.06546814185424
3.45001297168921
6.88837987238814
7.25326813703147
7.65401587848074
7.88781390863263
