1.02641845334142
1.17510180322185
0.831679013672092
1.34039263154271
1.74359245918842
1.77086675768349
1.72317176017822
2.40067954823235
2.22572465816077
2.54861000439577
2.96391017189716
3.44913618582102
3.5822708304209
4.08735875906265
3.73723470054635
3.9219370014541
4.33255197756936
5.63336964878761
6.11832973551602
6.39126234250935
6.30371748611798
4.52322261293388
4.68998446330016
6.31127719504357
5.46909448583487
6.32917932104178
6.02788873712678
5.03386240691011
6.06508940674584
7.72037188305534
