0.61669852977793
0.882639429882371
1.71693882328536
1.21242211706073
0.604287399953577
1.50942468229937
2.1622675780206
3.07262575588644
3.74921373760337
3.47583291702153
4.42567888470621
3.68948090254781
3.94798943103462
3.58387725748362
4.37120757749029
4.45239161978886
4.28904849006915
3.04668697306327
3.8874418090016
3.99340637808156
6.32776832092138
3.26799590927136
3.04022605697648
5.48587814133835
5.18354696503178
6.09827547328621
5.15663781412132
6.15405989293438
6.49447423765614
6.53636341766135
