1.33913812052909
2.12234362084222
1.78488246881628
1.83241977858397
1.91751370642849
3.24144380815156
2.83265421744811
3.56757431488059
2.58254996504788
2.98238678802451
3.46376890975849
2.73354827110153
3.25623655138014
3.79381988743663
3.23238834031419
3.86575966377851
3.72131778246617
3.90348951566074
3.63986826842335
3.44662173694473
6.20343156430002
6.44300727282723
5.64284083571253
6.88055545920176
8.00668101085549
7.46077623830469
8.06129938842966
9.74878880043556
9.49847155245929
9.8841826940235
