0.689093398936162,1.35952949152812,0.689093398936162,1.35952949152812
0.689093398936162,1.35952949152812,0.639561441718472,1.39577059845768
-3.12788242820931,1.65551419553153,-3.14795162459117,1.82074117420184
1.30279254276071,3.47850930826925,1.32504206713546,3.54253894102264
-0.616764209607585,-2.40686956328717,-0.719008898869399,-2.49942185894509
1.63892043329466,0.0764824545568118,1.66320895946751,0.117722797464116
0.639561441718472,1.39577059845768,0.606338623273752,1.45544853650471
0.701398360000749,1.4071458843134,0.608116461154527,1.50542248048794
0.330600229307895,1.60402692800323,0.489539841163641,1.57166283814677
0.489539841163641,1.57166283814677,0.327517903407496,1.64708285638877
0.327517903407496,1.64708285638877,0.34285144893233,1.63963948162031
0.34285144893233,1.63963948162031,0.460444973625174,1.6472534412581
0.460444973625174,1.6472534412581,0.341072158308885,1.65645746915893
0.341072158308885,1.65645746915893,0.226010214411537,1.69026297376085
0.226010214411537,1.69026297376085,0.249609835601704,1.70930917293345
0.249609835601704,1.70930917293345,0.294193043546254,1.70099438628657
0.294193043546254,1.70099438628657,0.21782530225207,1.78371945323857
0.21782530225207,1.78371945323857,0.201449093857981,1.79887315394031
0.201449093857981,1.79887315394031,0.0620624149408859,1.84480976848572
0.0620624149408859,1.84480976848572,0.234162342693033,1.80240760916832
0.234162342693033,1.80240760916832,0.127896825619434,1.93957899747606
0.127896825619434,1.93957899747606,0.121792203233121,1.94265746232114
0.121792203233121,1.94265746232114,0.22186846710589,2.00869602919665
0.22186846710589,2.00869602919665,0.104759773669514,2.10653641314138
0.104759773669514,2.10653641314138,0.14106782702264,2.11785191508795
0.14106782702264,2.11785191508795,0.185529076450561,2.18499286664769
0.185529076450561,2.18499286664769,0.109685473760794,2.30741295543679
0.109685473760794,2.30741295543679,0.221606072800521,2.37776603881433
0.785251191113805,-2.10531420280709,0.867324691434244,-2.07095244613264
1.15743789607376,-1.90124812056024,1.20818553128207,-1.89253789616783
1.34784244086873,-1.761697263783,1.38780238769756,-1.74131970030491
-0.044221075114722,-2.34629360587304,-0.0656000874213792,-2.36332807845217
-0.0656000874213792,-2.36332807845217,0.0505290169066593,-2.37795907255638
0.0505290169066593,-2.37795907255638,0.138216591380221,-2.35692777095283
0.138216591380221,-2.35692777095283,0.200387408279476,-2.38397422469457
0.200387408279476,-2.38397422469457,0.212116942856652,-2.3639492873714
0.212116942856652,-2.3639492873714,0.22103520372037,-2.41297730807863
0.22103520372037,-2.41297730807863,0.25359077008142,-2.47285205223017
0.25359077008142,-2.47285205223017,0.259043014726345,-2.44320962167328
0.259043014726345,-2.44320962167328,0.2844297189717,-2.42240397457857
0.2844297189717,-2.42240397457857,0.316379978040488,-2.40898726105195
0.316379978040488,-2.40898726105195,0.287043552229785,-2.51148344784452
0.287043552229785,-2.51148344784452,0.326860837091546,-2.5604015130073
0.326860837091546,-2.5604015130073,0.414699275766729,-2.60975853978438
0.414699275766729,-2.60975853978438,0.461226376276425,-2.65044412538388
0.461226376276425,-2.65044412538388,0.418245723779142,-2.70435121187321
0.418245723779142,-2.70435121187321,0.389989692766799,-2.73052664365895
0.389989692766799,-2.73052664365895,0.479804424317642,-2.8602210380099
0.479804424317642,-2.8602210380099,0.559480737228165,-2.91846153980329
0.559480737228165,-2.91846153980329,0.509373674996888,-2.94899973089903
0.509373674996888,-2.94899973089903,0.579190637627081,-3.04552013622558
0.579190637627081,-3.04552013622558,0.616528859330829,-3.15128168872004
0.616528859330829,-3.15128168872004,0.557015926417677,-3.2769530019025
0.557015926417677,-3.2769530019025,0.580600851892573,-3.40482464017498
0.580600851892573,-3.40482464017498,0.660865962426401,-3.42770063269876
0.660865962426401,-3.42770063269876,0.646683228399539,-3.54075253360427
0.221606072800521,2.37776603881433,0.275863439566031,2.35471660260417
0.275863439566031,2.35471660260417,0.386459735971576,2.45050762756753
0.386459735971576,2.45050762756753,0.41540264885014,2.491761178465
0.41540264885014,2.491761178465,0.510324434337572,2.61779929536768
0.510324434337572,2.61779929536768,0.629623231392109,2.62583890641707
0.629623231392109,2.62583890641707,0.770577851525507,2.71024908276113
0.770577851525507,2.71024908276113,0.770787320739012,2.71816541658224
0.770787320739012,2.71816541658224,0.907007042324505,2.82848761503355
0.907007042324505,2.82848761503355,0.918110381684745,2.81676010570158
0.918110381684745,2.81676010570158,1.05372475184709,2.95136097164577
1.05372475184709,2.95136097164577,1.07497950030277,2.94566741753393
0.221606072800521,2.37776603881433,0.0993638733059247,2.51591646297233
0.0993638733059247,2.51591646297233,0.0213839453350607,2.55073803890894
0.0213839453350607,2.55073803890894,0.0691444645489878,2.66299597124372
0.0691444645489878,2.66299597124372,0.0314568531971856,2.78540709195781
0.0314568531971856,2.78540709195781,-0.0328299921491678,2.8170300437442
-0.0328299921491678,2.8170300437442,-0.0493948117640727,2.93626247191028
-0.58147914680807,-2.22096842219565,-0.484833421254308,-2.26223461813194
-1.656168938459,1.06298714959176,-1.60545255609982,1.10116308529286
-1.80434869771107,0.919011077350283,-1.76543886042379,0.96528032530774
-1.96057042029041,0.711771723594838,-1.90852352344098,0.835894492671948
-1.90852352344098,0.835894492671948,-2.00813253629397,0.727400700935232
1.38780238769756,-1.74131970030491,1.50741601621124,-1.64587015140713
-0.0493948117640727,2.93626247191028,-0.0112593223181545,3.01674549505523
-0.0112593223181545,3.01674549505523,-0.0623022764460677,3.16835702376918
-0.0623022764460677,3.16835702376918,0.0358425650996881,3.29570368521803
0.0358425650996881,3.29570368521803,-0.0514206446726431,3.40398146793423
-0.0514206446726431,3.40398146793423,-0.0312258886918093,3.47574607579141
-0.0312258886918093,3.47574607579141,-0.0855337710096082,3.58197874784279
-0.0855337710096082,3.58197874784279,-0.0288273230633463,3.6812001887447
-0.0288273230633463,3.6812001887447,-0.0922576108042143,3.81055162618277
-0.0922576108042143,3.81055162618277,0.0244159587354754,3.9152003769912
0.646683228399539,-3.54075253360427,0.550595431946893,-3.65217870614212
0.550595431946893,-3.65217870614212,0.521008405115392,-3.72131296902185
0.521008405115392,-3.72131296902185,0.404641677930281,-3.84897564263861
1.07497950030277,2.94566741753393,1.16005082574805,2.9217808550529
1.31701701550771,3.03010142401918,1.42267066685636,3.00464491097357
1.42267066685636,3.00464491097357,1.55752434887562,2.96890410610798
1.55752434887562,2.96890410610798,1.64851508714074,2.95022757156357
1.64851508714074,2.95022757156357,1.75548727546077,3.0070725939548
1.75548727546077,3.0070725939548,1.75278046226683,2.92040439022793
1.98736886616294,2.91494734876417,2.06513290146146,2.93724599096208
2.06513290146146,2.93724599096208,2.05070828729114,2.9386393800949
2.22099420726693,2.88540885161973,2.2855379741238,2.90311166893587
2.4953611860504,2.96014157919924,2.56683136334131,2.81551390963696
2.56683136334131,2.81551390963696,2.60541937933304,2.90655892491535
0.646683228399539,-3.54075253360427,0.796730632704552,-3.62305603343402
0.796730632704552,-3.62305603343402,0.81610749488273,-3.64566862909692
0.81610749488273,-3.64566862909692,0.903712385140379,-3.72507349560484
0.903712385140379,-3.72507349560484,0.996980701873475,-3.8234315372127
0.996980701873475,-3.8234315372127,1.05753102813495,-3.77241389182867
1.20753890732117,-3.87609881462128,1.11857164707715,-3.97326722981902
-0.192106247822114,-2.31960753278474,-0.201689468609553,-2.3870783418003
-0.41424875134332,-2.3055513462193,-0.44290371295796,-2.31292322987074
-0.44290371295796,-2.31292322987074,-0.361398484310354,-2.32512732734126
-0.555654339751442,-2.29235960601351,-0.644553914064659,-2.25992244870115
-0.644553914064659,-2.25992244870115,-0.562636207337038,-2.29527032923156
-0.562636207337038,-2.29527032923156,-0.513998857302981,-2.37064725459335
-0.513998857302981,-2.37064725459335,-0.644198854269707,-2.38942495313133
-0.644198854269707,-2.38942495313133,-0.695160470139669,-2.33490146390271
-0.695160470139669,-2.33490146390271,-0.642148602100333,-2.4718431409648
-0.642148602100333,-2.4718431409648,-0.616764209607585,-2.40686956328717
0.404641677930281,-3.84897564263861,0.375955827318261,-3.86765391995923
0.375955827318261,-3.86765391995923,0.369334855877192,-3.97207391657423
0.19508597616235,-4.02504966833357,0.0832095501074999,-4.05445799823561
0.0832095501074999,-4.05445799823561,0.0332770026935386,-4.166251433067
0.0332770026935386,-4.166251433067,-0.103610777285274,-4.19038571232097
-0.103610777285274,-4.19038571232097,-0.111334508972895,-4.26709120543774
-0.111334508972895,-4.26709120543774,-0.230167255751811,-4.31078839332719
-0.230167255751811,-4.31078839332719,-0.189168717857856,-4.47947500655801
-0.189168717857856,-4.47947500655801,-0.381412798147933,-4.45309634324986
-0.381412798147933,-4.45309634324986,-0.431530688970493,-4.5348792844926
-0.431530688970493,-4.5348792844926,-0.538933101320737,-4.63566300260206
-1.08826390938794,-2.0107398913664,-1.11254732946046,-2.00613770980291
-1.11254732946046,-2.00613770980291,-1.2919962952422,-1.95871393586007
-1.2919962952422,-1.95871393586007,-1.38551144672638,-1.86729518715008
1.3988364982311,-1.75901095627548,1.52296812562021,-1.73302254160579
1.52296812562021,-1.73302254160579,1.48180213519142,-1.80583693751265
1.38780238769756,-1.74131970030491,1.53009449687279,-1.60720272304253
1.68824940551118,-1.3926777686244,1.74156477716941,-1.28668016037302
1.74156477716941,-1.28668016037302,1.79938617189581,-1.26460276837805
-2.00813253629397,0.727400700935232,-1.96307242811791,0.814624534679495
-1.96307242811791,0.814624534679495,-1.97412313728222,0.799659240680033
-1.97412313728222,0.799659240680033,-1.98627253369352,0.782344608307396
-1.98627253369352,0.782344608307396,-1.96983928581024,0.902131616098861
-1.96983928581024,0.902131616098861,-2.00750727776798,0.886442885524983
-2.00750727776798,0.886442885524983,-2.04894730852432,0.885035851014835
-2.04894730852432,0.885035851014835,-2.06037322041575,0.908310859825492
-2.06037322041575,0.908310859825492,-2.08139472320377,1.00500374186189
-2.08139472320377,1.00500374186189,-2.15315927743143,0.974432945469212
-2.15315927743143,0.974432945469212,-2.14875094608913,1.02171129833272
-2.14875094608913,1.02171129833272,-2.26535773714116,1.0589198768055
-2.26535773714116,1.0589198768055,-2.23411691099198,1.09771321561639
-2.23411691099198,1.09771321561639,-2.23830693130517,1.17504017846177
-2.23830693130517,1.17504017846177,-2.34108245194825,1.19652094133489
-2.34108245194825,1.19652094133489,-2.41112530381042,1.15110836882632
-2.41112530381042,1.15110836882632,-2.5709472818914,1.22277491396939
-2.5709472818914,1.22277491396939,-2.54609959879164,1.31914026969732
-2.54609959879164,1.31914026969732,-2.65293275666844,1.37663491090417
-2.65293275666844,1.37663491090417,-2.7584454157129,1.39841207922036
-2.7584454157129,1.39841207922036,-2.81350934613943,1.5265921445881
-2.81350934613943,1.5265921445881,-2.87940962515462,1.53865902229829
-2.87940962515462,1.53865902229829,-3.02052152951123,1.51103049346562
-3.02052152951123,1.51103049346562,-3.12788242820931,1.65551419553153
1.07497950030277,2.94566741753393,1.10241124260557,3.07551343202105
1.28468022949587,3.07745842627781,1.25759728038007,3.14383545783924
1.31032654554286,3.43359459999726,1.30279254276071,3.47850930826925
-1.08826390938794,-2.0107398913664,-1.09223485556566,-2.04204789097116
-1.09223485556566,-2.04204789097116,-1.03528377406716,-2.08608668846868
-1.03528377406716,-2.08608668846868,-1.08688566985121,-2.0757621011931
-1.08688566985121,-2.0757621011931,-1.11354175961328,-2.05501125460844
-2.00813253629397,0.727400700935232,-2.11040259712529,0.58156166158717
-2.11040259712529,0.58156166158717,-2.10617712920737,0.549655416744233
-2.10617712920737,0.549655416744233,-2.1326353835064,0.543181889103222
-2.2051576579767,0.34311568807209,-2.19087206060573,0.248472678606523
-2.19087206060573,0.248472678606523,-2.23276351417579,0.296703426998648
-2.23276351417579,0.296703426998648,-2.28362074142401,0.265835053959796
-2.33827161821247,0.133621807554146,-2.3246073663456,0.103912471712197
-2.3246073663456,0.103912471712197,-2.37787234812073,0.101725321047581
-2.37787234812073,0.101725321047581,-2.46552899211249,0.062966592569222
-2.46552899211249,0.062966592569222,-2.53234037486254,0.152296992382244
-2.53234037486254,0.152296992382244,-2.58986090076106,-0.0261478573595627
-2.58986090076106,-0.0261478573595627,-2.62450859869421,0.0285027406658848
-2.62450859869421,0.0285027406658848,-2.73999001933644,0.00255669709643866
-2.73999001933644,0.00255669709643866,-2.76977505583244,-0.036735226730556
-2.76977505583244,-0.036735226730556,-2.8047075282427,-0.103563006461972
-2.8047075282427,-0.103563006461972,-2.97893168659183,-0.121128684943264
-2.97893168659183,-0.121128684943264,-3.05570185457385,-0.1303629598014
-3.05570185457385,-0.1303629598014,-3.11356589052087,-0.213175729557512
-3.11356589052087,-0.213175729557512,-3.27575730318458,-0.256528091824089
-3.27575730318458,-0.256528091824089,-3.27812457294983,-0.200348455501529
-0.0493948117640727,2.93626247191028,-0.118915704465323,2.962144179748
-0.118915704465323,2.962144179748,-0.16023627162822,3.12679648280109
-0.16023627162822,3.12679648280109,-0.291052640080169,3.19021807962893
-0.291052640080169,3.19021807962893,-0.32432620505357,3.23392428191832
-0.32432620505357,3.23392428191832,-0.454995970499345,3.3248098534229
-0.454995970499345,3.3248098534229,-0.521027857278973,3.29381306854718
-0.521027857278973,3.29381306854718,-0.605337716413547,3.38685641002059
-0.605337716413547,3.38685641002059,-0.72836056376454,3.45091749145173
-0.72836056376454,3.45091749145173,-0.812930275948423,3.53772569182849
-0.812930275948423,3.53772569182849,-0.850599267955241,3.63132231650907
-0.850599267955241,3.63132231650907,-0.892933540506784,3.72156216674531
-0.892933540506784,3.72156216674531,-0.926526579602989,3.73754580404265
-0.926526579602989,3.73754580404265,-0.97278541452571,3.80129805050688
-0.97278541452571,3.80129805050688,-1.01475823651221,3.90788821917619
-1.01475823651221,3.90788821917619,-1.09305536454187,3.91642742693949
-1.09305536454187,3.91642742693949,-1.16598045453107,4.0159947974535
-3.27812457294983,-0.200348455501529,-3.45422275681162,-0.264044056032117
-3.45422275681162,-0.264044056032117,-3.39651936676876,-0.437045156787197
-3.39651936676876,-0.437045156787197,-3.49519381408583,-0.534811422866984
-3.49519381408583,-0.534811422866984,-3.60775885523743,-0.497261828148537
-3.60775885523743,-0.497261828148537,-3.58631462856125,-0.567386381680765
-3.72424908220871,-0.722600426178926,-3.70948780100381,-0.760518192653106
-3.70948780100381,-0.760518192653106,-3.73621168048174,-0.798149219012079
-3.46708313244447,-0.305924960259782,-3.54076400533916,-0.257503837362632
-3.54076400533916,-0.257503837362632,-3.64364177749294,-0.212474565703486
-3.64364177749294,-0.212474565703486,-3.7449807022515,-0.152638222019907
-3.7449807022515,-0.152638222019907,-3.7969563653988,-0.13683883555112
-3.7969563653988,-0.13683883555112,-3.86976540719238,-0.121798634928596
-3.86976540719238,-0.121798634928596,-3.99890875772061,-0.104438837169242
-3.99890875772061,-0.104438837169242,-4.13072279974432,-0.0380096654476912
-4.13072279974432,-0.0380096654476912,-4.1713765999641,-0.0698088186796573
-4.1713765999641,-0.0698088186796573,-4.23907742360894,-0.0559059243902143
-4.23907742360894,-0.0559059243902143,-4.37079548590891,-0.00844449891961467
-4.37079548590891,-0.00844449891961467,-4.54983956158216,0.0757600135062952
-4.54983956158216,0.0757600135062952,-4.57111752295456,0.153449624799362
-4.57111752295456,0.153449624799362,-4.5362234556476,0.0854982426755348
-4.7199857629452,0.18534364692163,-4.82647463651455,0.18972120017768
-4.82647463651455,0.18972120017768,-4.98951680511962,0.275110755215944
-4.98951680511962,0.275110755215944,-5.11530722350215,0.272634716661644
-5.11530722350215,0.272634716661644,-5.15036816320861,0.301399438576548
-5.15036816320861,0.301399438576548,-5.3052982618448,0.341041975505291
-5.3052982618448,0.341041975505291,-5.34201200432231,0.300591659822336
-5.54914244005078,0.393862736799621,-5.6567396538724,0.385723937177394
-5.6567396538724,0.385723937177394,-5.77268930758474,0.385673044784551
-5.77268930758474,0.385673044784551,-5.9380043933459,0.336451705616432
-5.9380043933459,0.336451705616432,-6.00718582017869,0.31355483841929
-6.00718582017869,0.31355483841929,-6.12965944065023,0.351021187647434
-6.12965944065023,0.351021187647434,-6.26986336045402,0.309269879151115
-6.26986336045402,0.309269879151115,-6.33051928265795,0.28105233901234
-6.33051928265795,0.28105233901234,-6.3396527520787,0.335881521806292
-6.5313415516414,0.310718927958841,-6.70443274453954,0.272242620627699
-3.12788242820931,1.65551419553153,-3.16036347042466,1.63950084786771
-3.28734551766709,1.74792302774277,-3.38587615239949,1.779700291131
-3.38587615239949,1.779700291131,-3.53592416379946,1.71257401591567
-3.53592416379946,1.71257401591567,-3.61481499046701,1.75494867223526
-3.61481499046701,1.75494867223526,-3.68064470897767,1.75548991819569
-3.68064470897767,1.75548991819569,-3.82086325252839,1.77478560732018
-4.00652391647024,1.84426436666358,-4.05641192086412,1.90723662449613
-4.05641192086412,1.90723662449613,-4.14146115075487,1.89443370543102
-4.14146115075487,1.89443370543102,-4.24745258306934,1.91230887512645
-4.24745258306934,1.91230887512645,-4.32999216775913,1.94526792485858
-4.32999216775913,1.94526792485858,-4.49114213870605,1.94262925919399
-1.16598045453107,4.0159947974535,-1.18475698986425,3.98763137039946
-1.18475698986425,3.98763137039946,-1.15430618632273,4.17536086061854
-1.15430618632273,4.17536086061854,-1.22471979572223,4.10162637565255
-1.22471979572223,4.10162637565255,-1.24262978377942,4.17281194391986
-1.24262978377942,4.17281194391986,-1.2546171181381,4.15480869601939
-1.2546171181381,4.15480869601939,-1.30358862920944,4.23142856678917
-1.30358862920944,4.23142856678917,-1.30999966118567,4.33421043828636
-1.30999966118567,4.33421043828636,-1.34644809197597,4.35818399655215
-1.16598045453107,4.0159947974535,-1.16558997965241,3.99828383629356
-1.1293323411781,4.22589006300522,-1.15515877087059,4.30130971147822
-1.20915639904567,4.6895701727245,-1.19837938478925,4.70890411334966
-1.27157250048665,4.94501291852195,-1.31514494503588,4.96126247262467
-1.31514494503588,4.96126247262467,-1.35733738787936,5.11303422550088
-0.12673064967438,4.07945352658053,-0.0124573665111656,4.12130391294174
-0.0124573665111656,4.12130391294174,-0.00780541944199541,4.18530563941938
-0.00780541944199541,4.18530563941938,0.10395525439034,4.27153835504305
0.10395525439034,4.27153835504305,0.125581800517341,4.42207600426112
0.125581800517341,4.42207600426112,0.0764568818340453,4.53708001016595
0.0764568818340453,4.53708001016595,0.140784229456307,4.63129431890345
0.140784229456307,4.63129431890345,0.216252155272448,4.63064596666251
0.216252155272448,4.63064596666251,0.236611743136735,4.79774567425182
0.236611743136735,4.79774567425182,0.284293151216139,4.9541263763561
0.284293151216139,4.9541263763561,0.374639171838261,4.9891174234472
-0.12673064967438,4.07945352658053,-0.115303010354177,4.07507546412327
-0.115303010354177,4.07507546412327,-0.176528534164663,4.23733224384369
-0.176528534164663,4.23733224384369,-0.149606143032582,4.31472424388382
-0.149606143032582,4.31472424388382,-0.195981654193925,4.33014074958261
-0.235119944585327,4.57549321332337,-0.340590099193547,4.57697224176708
-0.340590099193547,4.57697224176708,-0.286107136069359,4.71984594781932
-0.286107136069359,4.71984594781932,-0.434389735910315,4.80546884376394
-0.434389735910315,4.80546884376394,-0.483212291340193,4.90171756159106
-0.483212291340193,4.90171756159106,-0.47372622635651,5.07442078681108
1.30279254276071,3.47850930826925,1.42817065416554,3.55300276345043
1.42817065416554,3.55300276345043,1.56114330229515,3.59315235961449
1.56114330229515,3.59315235961449,1.66019357273535,3.65956691741056
1.66019357273535,3.65956691741056,1.66290134240042,3.64760586948246
1.82723437589481,3.81195379397027,1.87932455200452,3.83051199551002
1.87932455200452,3.83051199551002,1.96023955927151,3.84252160975919
1.96023955927151,3.84252160975919,2.07457202139417,3.85243697682968
2.07457202139417,3.85243697682968,2.0949587847433,3.95662046976449
2.0949587847433,3.95662046976449,2.19473101522992,4.09088198948503
2.19473101522992,4.09088198948503,2.24880622844767,4.05926225509312
2.43317715526869,4.24125454494552,2.45623779500703,4.23932204175157
2.45623779500703,4.23932204175157,2.52586059905801,4.39361996095966
2.52586059905801,4.39361996095966,2.63909068446159,4.34874590051842
2.76798300896712,4.47285438583778,2.78239473914971,4.49837636833419
2.84387716769686,2.87815809193715,2.87171289518513,2.97196250694384
2.87171289518513,2.97196250694384,2.87491331548843,3.00509049053298
3.01695846039877,3.1588310536047,3.07530658508286,3.13252611835435
3.07530658508286,3.13252611835435,3.21895365716955,3.26486507962907
2.84387716769686,2.87815809193715,2.7975774671772,2.77637679216891
2.7975774671772,2.77637679216891,2.9361731768778,2.69905330588136
2.9361731768778,2.69905330588136,3.06393924500787,2.79306657302839
1.82448249548619,-0.40457577066663,1.86253276228912,-0.221282157786772
1.77427425153355,0.208977559455334,1.80038562541216,0.118943924420414
1.80038562541216,0.118943924420414,1.77904397694937,0.276925183974846
1.77904397694937,0.276925183974846,1.7607826857552,0.355806212232126
1.7607826857552,0.355806212232126,1.80126211435437,0.229244759889279
1.80126211435437,0.229244759889279,1.83807404518327,0.252853196185772
1.83807404518327,0.252853196185772,1.80154263379824,0.34780748335998
1.80154263379824,0.34780748335998,1.81249093077058,0.332678885668081
1.81249093077058,0.332678885668081,1.8015838203476,0.36079794503543
1.8015838203476,0.36079794503543,1.81398093018802,0.464222564211183
1.81398093018802,0.464222564211183,1.80111526270142,0.508816636345935
1.80111526270142,0.508816636345935,1.86737914141513,0.398118268109834
1.86737914141513,0.398118268109834,1.89033094992723,0.52336987079046
1.89033094992723,0.52336987079046,1.87125562267827,0.495225717608071
1.87125562267827,0.495225717608071,1.98169420384223,0.449794671290078
1.98169420384223,0.449794671290078,2.05306367929302,0.59232136117829
2.05306367929302,0.59232136117829,2.08688118321382,0.54683613498872
2.08688118321382,0.54683613498872,2.13646210491539,0.590672802194544
2.13646210491539,0.590672802194544,2.17590606314246,0.738154863970672
2.17590606314246,0.738154863970672,2.24425097533953,0.723494475978686
1.83833977231343,-0.238968139799048,1.80277393180232,-0.0851966185374893
1.80277393180232,-0.0851966185374893,1.87959448794849,-0.146004237841891
1.87959448794849,-0.146004237841891,1.88211587497049,-0.0441455712539691
1.88211587497049,-0.0441455712539691,1.8660835935773,-0.114737597593322
1.8660835935773,-0.114737597593322,1.92526134185297,-0.160500456452672
1.92526134185297,-0.160500456452672,1.89078911029177,-0.17627964995204
1.89078911029177,-0.17627964995204,1.85245756195855,-0.021670769699976
1.85245756195855,-0.021670769699976,1.88633014612021,-0.0668740525336204
1.79938617189581,-1.26460276837805,1.82885005393305,-1.08957650784007
1.82885005393305,-1.08957650784007,1.87504839805381,-1.12107020703858
1.865507341355,-0.925267080258758,1.9559507405253,-0.824346602460494
1.9559507405253,-0.824346602460494,1.98067342735392,-0.673067276240203
1.98067342735392,-0.673067276240203,1.99607850327458,-0.645512987777276
1.99607850327458,-0.645512987777276,2.06771582826009,-0.617487178025624
1.79938617189581,-1.26460276837805,1.82765448366517,-1.16737230145346
1.82765448366517,-1.16737230145346,1.85667293048391,-1.09478515757358
1.85667293048391,-1.09478515757358,1.84718613797045,-1.07433990079049
1.84718613797045,-1.07433990079049,1.92401858148036,-0.940652427466067
1.92401858148036,-0.940652427466067,1.97640571952402,-0.891522283353357
1.97640571952402,-0.891522283353357,2.01034748159164,-0.924767268226935
2.01034748159164,-0.924767268226935,2.01858473385042,-0.993633191057952
2.01858473385042,-0.993633191057952,2.09922579615679,-0.885250766574171
2.09922579615679,-0.885250766574171,2.11348554006971,-0.903873032576231
2.11348554006971,-0.903873032576231,2.15597241040303,-0.800940208508212
1.5438334617501,-1.67437093750795,1.63452492846678,-1.61696366022934
1.48180213519142,-1.80583693751265,1.59370370903035,-1.70108912719291
1.59370370903035,-1.70108912719291,1.62983833607444,-1.63442523804929
1.62983833607444,-1.63442523804929,1.71957971678291,-1.62623019057968
1.71957971678291,-1.62623019057968,1.74823057126146,-1.52112963395588
1.74823057126146,-1.52112963395588,1.76748476810411,-1.55424706196039
1.76748476810411,-1.55424706196039,1.87402066004966,-1.51473629571917
1.87402066004966,-1.51473629571917,1.86160176450362,-1.49346564115842
1.86160176450362,-1.49346564115842,1.97770436967494,-1.42920618751813
1.97770436967494,-1.42920618751813,2.1046619057804,-1.45739748036711
2.1046619057804,-1.45739748036711,2.12306495145613,-1.38711457169885
2.12306495145613,-1.38711457169885,2.17366207597138,-1.52939028277548
2.17366207597138,-1.52939028277548,2.26734341330311,-1.47071107931222
2.26734341330311,-1.47071107931222,2.32489585361209,-1.54460570591931
2.32489585361209,-1.54460570591931,2.42782873008717,-1.5198482178216
2.42782873008717,-1.5198482178216,2.58808257755394,-1.50275063040651
1.48180213519142,-1.80583693751265,1.54322537883566,-1.75666609918457
1.54322537883566,-1.75666609918457,1.55997283627427,-1.79275253732808
1.55997283627427,-1.79275253732808,1.59948186623878,-1.80280838365064
1.59948186623878,-1.80280838365064,1.67241221872164,-1.72511852930518
1.67241221872164,-1.72511852930518,1.68057760271437,-1.77226095494508
1.68057760271437,-1.77226095494508,1.74243220280075,-1.8392073735957
1.74243220280075,-1.8392073735957,1.75554871467774,-1.91926380663012
1.75554871467774,-1.91926380663012,1.80123213391354,-1.95344373468668
1.80123213391354,-1.95344373468668,1.82700114713473,-1.95756688627101
1.82700114713473,-1.95756688627101,1.86547011791764,-1.99571551290063
1.11857164707715,-3.97326722981902,1.23751982763485,-4.04098236215196
1.23751982763485,-4.04098236215196,1.27682894212504,-4.12651047362235
1.27682894212504,-4.12651047362235,1.30023596609595,-4.16662289552064
1.30023596609595,-4.16662289552064,1.30579711474396,-4.26776532093719
1.11857164707715,-3.97326722981902,1.19995783810689,-3.91550235010878
1.55209660382494,-3.79174072964738,1.63775758056572,-3.85228517710314
1.63775758056572,-3.85228517710314,1.59493244694232,-3.85559218700836
1.59493244694232,-3.85559218700836,1.77422426118287,-3.82606204117109
1.77422426118287,-3.82606204117109,1.86557343441413,-3.74898357368312
1.86557343441413,-3.74898357368312,1.96900613249489,-3.6418213257106
0.404641677930281,-3.84897564263861,0.527731669830881,-3.90591025711226
0.527731669830881,-3.90591025711226,0.504273706534995,-4.05129812721794
0.504273706534995,-4.05129812721794,0.525375867665297,-4.14194351560451
0.525375867665297,-4.14194351560451,0.513588889197436,-4.26403127534689
0.513588889197436,-4.26403127534689,0.596728895516651,-4.29974086430823
0.596728895516651,-4.29974086430823,0.642750189637884,-4.41614473075397
0.566102782639674,-4.63629091121397,0.583118223555276,-4.78004407964173
0.583118223555276,-4.78004407964173,0.519122514476492,-4.77232567651741
0.519122514476492,-4.77232567651741,0.616456469947744,-4.91646904722422
0.616456469947744,-4.91646904722422,0.632916977090703,-4.94278287583806
-0.538933101320737,-4.63566300260206,-0.522413013235516,-4.66313228613247
-0.522413013235516,-4.66313228613247,-0.477225668464924,-4.81006868150671
-0.477225668464924,-4.81006868150671,-0.585499267528428,-4.91136482760356
-0.585499267528428,-4.91136482760356,-0.517879712781245,-4.9558281487142
-0.517879712781245,-4.9558281487142,-0.546776583593764,-5.12678053351626
-0.546776583593764,-5.12678053351626,-0.497268939482828,-5.26455768765079
-0.497268939482828,-5.26455768765079,-0.435631050260875,-5.36742928893273
-0.435631050260875,-5.36742928893273,-0.456198982164821,-5.45573230567734
-0.456198982164821,-5.45573230567734,-0.511287896399971,-5.65193198998796
-0.538933101320737,-4.63566300260206,-0.604901792844966,-4.62140283368937
-0.604901792844966,-4.62140283368937,-0.681230339353247,-4.72295491821447
-0.681230339353247,-4.72295491821447,-0.822469728920262,-4.76371024142937
-0.822469728920262,-4.76371024142937,-0.85300486673622,-4.80306719418149
-0.85300486673622,-4.80306719418149,-0.963777579756777,-4.85761828825204
-1.14220159441169,-5.02083170487114,-1.19260350416929,-5.00097111782879
-1.19260350416929,-5.00097111782879,-1.30439517603006,-4.94656101192545
-1.30439517603006,-4.94656101192545,-1.39940768867101,-5.08473125537865
-1.39940768867101,-5.08473125537865,-1.49899879723151,-5.19783871386783
-1.49899879723151,-5.19783871386783,-1.4795527232051,-5.27106709152045
-1.4795527232051,-5.27106709152045,-1.60222659239396,-5.31582654943531
-1.60222659239396,-5.31582654943531,-1.73240379554286,-5.31734303107601
-0.616764209607585,-2.40686956328717,-0.73937491265469,-2.49010550062866
-0.73937491265469,-2.49010550062866,-0.773463399646633,-2.50747138208093
-0.773463399646633,-2.50747138208093,-0.826160321125937,-2.51428910482237
-0.826160321125937,-2.51428910482237,-0.852733502142224,-2.623891743457
-0.852733502142224,-2.623891743457,-0.870496269632622,-2.71548561686238
-0.870496269632622,-2.71548561686238,-1.00021870668762,-2.74883190908057
-1.11354175961328,-2.05501125460844,-1.20714144064105,-1.99788199212795
-1.20714144064105,-1.99788199212795,-1.18928633550972,-2.05526620226851
-1.18928633550972,-2.05526620226851,-1.30069267717899,-1.98753576171631
-1.30069267717899,-1.98753576171631,-1.41993928831942,-1.9749217688033
-1.41993928831942,-1.9749217688033,-1.42408800626799,-2.04888414241094
-1.42408800626799,-2.04888414241094,-1.42682213621402,-2.0968029478532
-1.42682213621402,-2.0968029478532,-1.45590685487938,-2.15043218498903
-1.45590685487938,-2.15043218498903,-1.56698874644362,-2.14153531873554
-1.56698874644362,-2.14153531873554,-1.61337522527149,-2.17581658512709
-1.61337522527149,-2.17581658512709,-1.74850194533668,-2.13109413080364
-1.74850194533668,-2.13109413080364,-1.69234757587396,-2.32109763015307
-1.11354175961328,-2.05501125460844,-1.19714717653606,-2.06348744183239
-1.19714717653606,-2.06348744183239,-1.13740524125367,-2.09951323117693
-1.13740524125367,-2.09951323117693,-1.2391049560067,-2.04771206668705
-1.2391049560067,-2.04771206668705,-1.35551818501805,-2.1283707258526
-1.35551818501805,-2.1283707258526,-1.23770503179833,-2.22868101013886
-1.23770503179833,-2.22868101013886,-1.26329334968589,-2.23292941824124
-1.26329334968589,-2.23292941824124,-1.34546845934768,-2.24565320173911
-1.34546845934768,-2.24565320173911,-1.31526113198707,-2.27221297639052
-1.31526113198707,-2.27221297639052,-1.36542619412141,-2.37223931353574
-1.36542619412141,-2.37223931353574,-1.49348339296217,-2.35673893561469
-1.38551144672638,-1.86729518715008,-1.43940995705872,-1.81170239593182
-1.43940995705872,-1.81170239593182,-1.47677216122265,-1.76989515984778
-1.47677216122265,-1.76989515984778,-1.53092510353757,-1.74198344144889
-1.53092510353757,-1.74198344144889,-1.62264194081257,-1.69014713549656
-1.62264194081257,-1.69014713549656,-1.6983117883955,-1.66788983917908
-1.6983117883955,-1.66788983917908,-1.786184160607,-1.59661338278789
-1.786184160607,-1.59661338278789,-1.83357263526099,-1.63632909437403
-1.83357263526099,-1.63632909437403,-1.88802831074338,-1.6402761810833
-1.88802831074338,-1.6402761810833,-1.91908133356248,-1.51247676373332
-1.38551144672638,-1.86729518715008,-1.32515556209602,-1.89860996263257
-1.32515556209602,-1.89860996263257,-1.37416618985713,-1.93926482978732
-1.37416618985713,-1.93926482978732,-1.38119529985657,-1.89623269282463
-1.54008406084069,-1.76270093089236,-1.49989962681523,-1.84811394518684
-1.49989962681523,-1.84811394518684,-1.55956221790568,-1.83771514221148
-1.73757012945926,-1.73546276651544,-1.65317138419943,-1.73414501596375
-1.65317138419943,-1.73414501596375,-1.69211828738725,-1.85194803021197
-1.69211828738725,-1.85194803021197,-1.81795135051313,-1.83688098791442
-1.81795135051313,-1.83688098791442,-1.89144437106872,-1.82325705618694
-1.89144437106872,-1.82325705618694,-1.87276722157009,-1.91209431684177
-1.87276722157009,-1.91209431684177,-2.06599765844592,-1.88347346752672
-2.06599765844592,-1.88347346752672,-2.12248079530594,-2.00700238020054
-2.12248079530594,-2.00700238020054,-2.18930266359812,-1.98894132910933
0.152340518708724,-2.30055560744585,-0.027250529948644,-2.33517236915722
-0.027250529948644,-2.33517236915722,-0.192106247822114,-2.31960753278474
0.793282451334847,-2.05889562220887,0.753598208252425,-2.10330550215148
0.753598208252425,-2.10330550215148,0.785251191113805,-2.10531420280709
0.606338623273752,1.45544853650471,0.652536156077196,1.43638959503886
0.652536156077196,1.43638959503886,0.701398360000749,1.4071458843134
-0.505401497543426,-2.24561581825106,-0.58147914680807,-2.22096842219565
-0.484833421254308,-2.26223461813194,-0.670928988649227,-2.23163224866955
-0.670928988649227,-2.23163224866955,-0.812150895150265,-2.16846144457281
1.05753102813495,-3.77241389182867,1.16553494930604,-3.9036278580699
1.16553494930604,-3.9036278580699,1.20753890732117,-3.87609881462128
-3.58631462856125,-0.567386381680765,-3.68907729974853,-0.613168085300487
-3.68907729974853,-0.613168085300487,-3.72424908220871,-0.722600426178926
-3.27812457294983,-0.200348455501529,-3.40132407137332,-0.209419679381994
-3.40132407137332,-0.209419679381994,-3.46708313244447,-0.305924960259782
2.24880622844767,4.05926225509312,2.34473140971544,4.1806106302398
2.34473140971544,4.1806106302398,2.43317715526869,4.24125454494552
1.82448249548619,-0.40457577066663,1.88941102386818,-0.2806712712566
1.88941102386818,-0.2806712712566,1.83833977231343,-0.238968139799048
0.689093398936162,1.35952949152812,0.836333147247291,1.27939157931176
-0.812150895150265,-2.16846144457281,-0.939424768387085,-2.11326368992977
-1.37480341813051,1.26818414601293,-1.47741321221348,1.24313771505515
1.16005082574805,2.9217808550529,1.2573585041189,2.94417823853629
1.2573585041189,2.94417823853629,1.31701701550771,3.03010142401918
-3.16036347042466,1.63950084786771,-3.19507004610494,1.66230746139828
-3.19507004610494,1.66230746139828,-3.28734551766709,1.74792302774277
-1.20991080937675,4.516717682991,-1.17956284233462,4.60663183738483
-1.17956284233462,4.60663183738483,-1.20915639904567,4.6895701727245
2.63909068446159,4.34874590051842,2.71514161889315,4.39917080787049
2.71514161889315,4.39917080787049,2.76798300896712,4.47285438583778
2.87491331548843,3.00509049053298,2.9755867674916,3.04872057665686
2.9755867674916,3.04872057665686,3.01695846039877,3.1588310536047
1.09460043205607,1.08743405037337,1.13681767379024,0.994770546344297
1.66320895946751,0.117722797464116,1.70742909833089,-0.029571815576994
1.54531596510939,-1.21634800978706,1.49485003652743,-1.40487180423333
1.49485003652743,-1.40487180423333,1.46326169246326,-1.49999013502704
-0.105504580273317,-2.25271384443676,0.0129637919710417,-2.33437753328451
0.0129637919710417,-2.33437753328451,0.152340518708724,-2.30055560744585
0.867324691434244,-2.07095244613264,1.05145320753001,-2.00552625973876
1.05145320753001,-2.00552625973876,1.15743789607376,-1.90124812056024
1.20818553128207,-1.89253789616783,1.26295338017437,-1.8153759625964
1.26295338017437,-1.8153759625964,1.34784244086873,-1.761697263783
1.79049081945322,-0.693940572749232,1.82671299110912,-0.528789101043704
1.82671299110912,-0.528789101043704,1.82448249548619,-0.40457577066663
-1.16558997965241,3.99828383629356,-1.11159925944179,4.12736847229963
-1.11159925944179,4.12736847229963,-1.1293323411781,4.22589006300522
0.0238241752281163,-2.281322460214,-0.105504580273317,-2.25271384443676
0.608116461154527,1.50542248048794,0.441181112829312,1.56865812671557
0.441181112829312,1.56865812671557,0.330600229307895,1.60402692800323
-1.11021709763117,1.48098375507839,-1.23007846700456,1.36602784813741
-1.23007846700456,1.36602784813741,-1.37480341813051,1.26818414601293
-1.91016215674662,0.803616829993265,-1.96057042029041,0.711771723594838
1.53009449687279,-1.60720272304253,1.60854889271925,-1.49960664887391
1.60854889271925,-1.49960664887391,1.68824940551118,-1.3926777686244
1.7902475726342,-0.821655379997038,1.79049081945322,-0.693940572749232
-6.3396527520787,0.335881521806292,-6.46316390224693,0.289164785761302
-6.46316390224693,0.289164785761302,-6.5313415516414,0.310718927958841
-1.19837938478925,4.70890411334966,-1.22492116639733,4.79673753867765
-1.22492116639733,4.79673753867765,-1.27157250048665,4.94501291852195
1.3988364982311,-1.75901095627548,1.4994083890235,-1.75325714015527
1.4994083890235,-1.75325714015527,1.5438334617501,-1.67437093750795
-0.963777579756777,-4.85761828825204,-1.07389631180131,-4.95136530482662
-1.07389631180131,-4.95136530482662,-1.14220159441169,-5.02083170487114
0.785251191113805,-2.10531420280709,0.681354945095101,-2.16198553828421
-0.192106247822114,-2.31960753278474,-0.352772521864893,-2.27262522810525
-0.352772521864893,-2.27262522810525,-0.505401497543426,-2.24561581825106
-0.157599272819876,1.64002016541009,-0.29699286108608,1.61465332326077
1.2939945294024,-1.63832965429007,1.15767048560119,-1.79347909844597
-0.704217553409666,1.58709037003365,-0.86747386536137,1.52806586537236
1.28587827130583,0.865910997812979,1.37808547439256,0.750862264762144
1.55165365505232,0.467513170479718,1.6039048183989,0.29621972189079
1.72808684956342,-0.505771249426673,1.73382753154603,-0.657812870147815
1.73382753154603,-0.657812870147815,1.66748071638541,-0.844246178840126
0.639561441718472,1.39577059845768,0.48200155979313,1.44124435699161
0.48200155979313,1.44124435699161,0.370802971065026,1.50598780979905
1.75278046226683,2.92040439022793,1.9264284143227,2.92748431247703
1.9264284143227,2.92748431247703,1.98736886616294,2.91494734876417
-0.201689468609553,-2.3870783418003,-0.304695761217416,-2.30097910701102
-0.304695761217416,-2.30097910701102,-0.41424875134332,-2.3055513462193
-0.195981654193925,4.33014074958261,-0.222988177976049,4.45097981236253
-0.222988177976049,4.45097981236253,-0.235119944585327,4.57549321332337
1.81086089909049,-0.0539203135494701,1.80639390464007,0.0763285079986318
1.80639390464007,0.0763285079986318,1.77427425153355,0.208977559455334
1.87504839805381,-1.12107020703858,1.87299871989148,-1.04735326538166
1.87299871989148,-1.04735326538166,1.865507341355,-0.925267080258758
0.836333147247291,1.27939157931176,0.97565097290356,1.15175125433534
0.97565097290356,1.15175125433534,1.09460043205607,1.08743405037337
1.56909477954855,-1.32768767430857,1.62899796910503,-1.27522001609907
1.37808547439256,0.750862264762144,1.44601435471167,0.565537759614751
1.44601435471167,0.565537759614751,1.55165365505232,0.467513170479718
0.370802971065026,1.50598780979905,0.309340699540912,1.53662919680124
0.309340699540912,1.53662919680124,0.149111263362696,1.56599824050891
-0.0716676929152414,1.62671152910722,-0.157599272819876,1.64002016541009
1.56041701053728,-1.10086307618301,1.54531596510939,-1.21634800978706
0.152340518708724,-2.30055560744585,0.0409825784811823,-2.31894059946699
0.0409825784811823,-2.31894059946699,-0.044221075114722,-2.34629360587304
-1.60545255609982,1.10116308529286,-1.71061825688013,1.05003205436269
-1.71061825688013,1.05003205436269,-1.80434869771107,0.919011077350283
1.50741601621124,-1.64587015140713,1.48695022189248,-1.73751205856198
1.48695022189248,-1.73751205856198,1.3988364982311,-1.75901095627548
2.05070828729114,2.9386393800949,2.15492275951412,2.8923969208063
2.15492275951412,2.8923969208063,2.22099420726693,2.88540885161973
2.60541937933304,2.90655892491535,2.74502814947787,2.88026194952334
2.74502814947787,2.88026194952334,2.84387716769686,2.87815809193715
-0.361398484310354,-2.32512732734126,-0.475846695372466,-2.30885689378547
-0.475846695372466,-2.30885689378547,-0.555654339751442,-2.29235960601351
-2.28362074142401,0.265835053959796,-2.31568915132413,0.194981171876009
-2.31568915132413,0.194981171876009,-2.33827161821247,0.133621807554146
-5.34201200432231,0.300591659822336,-5.4026576989061,0.360094302586577
-5.4026576989061,0.360094302586577,-5.54914244005078,0.393862736799621
0.632916977090703,-4.94278287583806,0.590144735503273,-5.08467131070653
0.590144735503273,-5.08467131070653,0.542850189426099,-5.18400807839731
1.6039048183989,0.29621972189079,1.67173744495446,0.133365257337548
1.67173744495446,0.133365257337548,1.63892043329466,0.0764824545568118
2.2855379741238,2.90311166893587,2.34354149444935,2.91691956729525
2.34354149444935,2.91691956729525,2.4953611860504,2.96014157919924
1.25759728038007,3.14383545783924,1.26488798915413,3.33888648958235
1.26488798915413,3.33888648958235,1.31032654554286,3.43359459999726
-1.15515877087059,4.30130971147822,-1.16154457181277,4.37401294763219
-1.16154457181277,4.37401294763219,-1.20991080937675,4.516717682991
-1.38119529985657,-1.89623269282463,-1.46706464567031,-1.81954055712105
-1.46706464567031,-1.81954055712105,-1.54008406084069,-1.76270093089236
-1.47741321221348,1.24313771505515,-1.57546087221964,1.16803539149732
-1.57546087221964,1.16803539149732,-1.656168938459,1.06298714959176
0.309756261665115,-2.28273281758332,0.174427558702356,-2.2919096980509
0.174427558702356,-2.2919096980509,0.0238241752281163,-2.281322460214
1.72616446857186,-1.05535977201799,1.73099474185498,-0.900105628499599
1.73099474185498,-0.900105628499599,1.7902475726342,-0.821655379997038
1.15767048560119,-1.79347909844597,1.07842111818555,-1.85125777256408
1.07842111818555,-1.85125777256408,0.993003530263503,-1.93145545947921
1.66748071638541,-0.844246178840126,1.64855089144387,-0.975616599211593
1.64855089144387,-0.975616599211593,1.56041701053728,-1.10086307618301
-4.5362234556476,0.0854982426755348,-4.6419743597072,0.106454037390164
-4.6419743597072,0.106454037390164,-4.7199857629452,0.18534364692163
1.86253276228912,-0.221282157786772,1.84092628470945,-0.116724562002462
1.84092628470945,-0.116724562002462,1.81086089909049,-0.0539203135494701
1.37439450072549,-3.94770081849932,1.4406940543572,-3.86717483101276
1.4406940543572,-3.86717483101276,1.55209660382494,-3.79174072964738
-1.55956221790568,-1.83771514221148,-1.64324774764101,-1.76463360437457
-1.64324774764101,-1.76463360437457,-1.73757012945926,-1.73546276651544
-0.939424768387085,-2.11326368992977,-1.03642253971423,-2.05727245581399
-1.03642253971423,-2.05727245581399,-1.08826390938794,-2.0107398913664
-0.86747386536137,1.52806586537236,-0.991210029580982,1.4961081200281
-0.991210029580982,1.4961081200281,-1.11021709763117,1.48098375507839
1.62899796910503,-1.27522001609907,1.65615383922424,-1.15190064339769
1.65615383922424,-1.15190064339769,1.72616446857186,-1.05535977201799
1.70742909833089,-0.029571815576994,1.70911034725724,-0.144865659374427
1.70911034725724,-0.144865659374427,1.76619525620053,-0.301307231945449
1.76619525620053,-0.301307231945449,1.70764182319395,-0.416270180127594
1.70764182319395,-0.416270180127594,1.72808684956342,-0.505771249426673
-2.1326353835064,0.543181889103222,-2.17850354689495,0.450067913788053
-2.17850354689495,0.450067913788053,-2.2051576579767,0.34311568807209
1.66290134240042,3.64760586948246,1.74314916651045,3.73315475168923
1.74314916651045,3.73315475168923,1.82723437589481,3.81195379397027
1.19995783810689,-3.91550235010878,1.30925456782846,-3.94731327761481
1.30925456782846,-3.94731327761481,1.37439450072549,-3.94770081849932
0.47142044541524,-2.1947709983554,0.409127821061134,-2.23904105889162
0.409127821061134,-2.23904105889162,0.309756261665115,-2.28273281758332
0.993003530263503,-1.93145545947921,0.882120234565081,-2.00125357099112
0.882120234565081,-2.00125357099112,0.793282451334847,-2.05889562220887
-0.509889831387953,1.59522813510226,-0.610709206700851,1.59627473806332
-0.610709206700851,1.59627473806332,-0.704217553409666,1.58709037003365
1.46326169246326,-1.49999013502704,1.50291222346955,-1.41294308072018
1.50291222346955,-1.41294308072018,1.56909477954855,-1.32768767430857
0.149111263362696,1.56599824050891,0.0360704748757023,1.60025540417838
0.0360704748757023,1.60025540417838,-0.0716676929152414,1.62671152910722
0.0244159587354754,3.9152003769912,-0.00785803309160246,4.00325876026753
-0.00785803309160246,4.00325876026753,-0.12673064967438,4.07945352658053
0.369334855877192,-3.97207391657423,0.271181857000965,-4.01424499616958
0.271181857000965,-4.01424499616958,0.19508597616235,-4.02504966833357
1.10241124260557,3.07551343202105,1.19347950244039,3.09164653682848
1.19347950244039,3.09164653682848,1.28468022949587,3.07745842627781
-3.82086325252839,1.77478560732018,-3.90154707294919,1.79559836133355
-3.90154707294919,1.79559836133355,-4.00652391647024,1.84426436666358
0.642750189637884,-4.41614473075397,0.604266601382394,-4.54759527472798
0.604266601382394,-4.54759527472798,0.566102782639674,-4.63629091121397
-1.76543886042379,0.96528032530774,-1.85501170224612,0.894301116488435
-1.85501170224612,0.894301116488435,-1.91016215674662,0.803616829993265
0.681354945095101,-2.16198553828421,0.553850000997963,-2.18027843491151
0.553850000997963,-2.18027843491151,0.47142044541524,-2.1947709983554
-0.29699286108608,1.61465332326077,-0.395086236859217,1.58019312269298
-0.395086236859217,1.58019312269298,-0.509889831387953,1.59522813510226
1.46326169246326,-1.49999013502704,1.36357935541572,-1.56960595739753
1.36357935541572,-1.56960595739753,1.2939945294024,-1.63832965429007
1.13681767379024,0.994770546344297,1.20212183291563,0.923370138722318
1.20212183291563,0.923370138722318,1.28587827130583,0.865910997812979
