5.62196208379042
4.67685082224145
5.78421229210246
6.09155865884369
5.8206860139951
6.6173431626954
6.14503215401109
6.319309605
6.60533748716074
5.83015118509139
7.01444715567537
7.25843832369885
7.44959168056601
6.44239638266763
6.38886593122988
6.78550121897108
6.63104119524829
6.633166302604
7.89128480314204
8.24618594228779
7.14561016408495
8.30979423522518
8.46800731352424
9.15530258670102
9.10636258239438
9.85709792453801
9.84326278515564
9.72857281389859
10.9002561477396
11.3414123345392
