1.64003275941773
1.18059269351461
2.16629540275638
2.23828605141455
1.33973840800039
2.94563148270608
3.46480922385829
3.94021157044896
3.75116853066107
2.53519327673637
3.24846717530638
3.71283952737092
4.42985565911979
4.47361425142765
3.89882286266818
4.61734152881022
4.11696476772132
4.32696944246106
3.73206945387733
3.26499871725572
5.27273048276189
4.57915332016108
5.12572301622903
5.71414552726453
4.39565912092945
4.81140304429888
3.75707449642772
6.76437840660854
6.47208013622512
4.40546215724242
