2.09980139811475
2.81737612668863
3.76110432332307
3.8459206211316
3.23364579827558
4.20982791532736
5.27792699518901
5.48494703989936
5.68028978828869
5.15359253942411
5.28920215263394
5.20297484079552
5.69775121411855
5.66269333071364
6.14155256711359
5.9077637625527
5.82105144376593
6.05643528523987
6.82563057242693
7.03913211507638
7.08562672825438
7.65145693117005
7.77611148477526
8.47412465596995
8.41192876856248
8.9226927409528
8.71589396994022
9.55951294292494
9.31275260168637
9.40371800091564
