2.97697189572174
3.56566728916926
3.51253578603748
4.2417918183174
5.22788965501372
5.42676009425884
6.00236430885395
5.5356553242371
6.25909393630332
6.45376614323827
6.74678540085211
6.49021145376132
7.01204073657307
7.36397217749528
7.50763605686332
7.98602255220474
8.87929167018848
8.73372881482219
8.71618025339605
9.34110961107613
9.83497814443199
9.76735811776772
10.2460048935631
10.0355948659617
10.3946521684952
10.3632245255223
10.7892096124296
11.7741661254004
12.0570981908444
12.5312924113106
