4.17471188499991
4.04298667823738
4.07181711742738
4.4994865829402
5.25386961148628
4.98759079254369
5.09044555709881
5.58961447669041
6.00897361699924
6.70063489911902
6.25229240944101
6.3282467223911
7.16950001106367
6.73093163206338
7.11343634349348
6.90346008624302
6.95393264307424
6.87884789953615
6.93748628668328
7.08850235420416
7.98224924751714
7.71681075802879
8.13944497600982
7.71470833872598
7.79274741182896
8.21375672166608
7.84262236421797
8.92033003647649
10.6369861476466
11.195996026894
