0.801260181854781,0.742540516360918,0.741392812468613,0.40734075425331,0.224369444511809,0.744772099151295,0.738753295376322,0.670233476726932,0.255063619893841,0.0268560419337045,0.00697585387698707,0.00566956592869672,0.740081201529477,0.635867901803008,0.784419148675583,0.193585278745611,0.344074287504141,0.0814294242360134,0.59527641538606,0.00184208966338173,0.742488719143281,0.380045672947069,0.0073624795864573,0.0521364451325335,0.696343805804591,0.644827179266031,0.00218964850688641,0.800668292614848,0.792942208491216,0.773533959455115
0.742540516360918,3.54604240566191,3.54158864925148,0.356443927925472,0.165685254073245,3.54603702799623,3.54217974611454,3.27608385354027,1.47961761388149,0.362033754718197,0.0198386847870027,0.0269815151029986,1.92030715677749,3.17974797115508,3.43466895588236,1.24214349837462,1.91946731786211,0.664496903381748,2.98235984127238,0.0584827289540586,2.0269128666048,2.12414962373777,0.240402098315874,0.534367111139258,3.46144432849779,1.3860748103024,0.0638686488994806,3.21999566238175,2.83627144844242,2.51090696468632
0.741392812468613,3.54158864925148,3.56076531369408,0.355606976882884,0.164515147468997,3.56066998817761,3.55812319132059,3.2950879280929,1.49153874697702,0.367007953176856,0.0206649447045568,0.0280057823458062,1.91616480694657,3.19878352326676,3.44304327881171,1.25312393577007,1.93386649041823,0.671680300522674,3.00075042764281,0.0602115048725582,2.02313013293991,2.13979923924447,0.244560713017902,0.5408708068951,3.47944235095901,1.38162214547358,0.0658076818843432,3.22510287097505,2.83727477981285,2.50954260421316
0.40734075425331,0.356443927925472,0.355606976882884,0.428425634218392,0.227546244270297,0.357578032027982,0.353142797127499,0.307652880638814,0.0857124546134953,0.000801055967006636,0.0245712761411752,0.0228461514550509,0.424166474728114,0.285852348627394,0.390506410700099,0.0577490567360637,0.127394342837984,0.0147671076239297,0.262032712281707,0.0164122222334622,0.424385486882026,0.144612622172893,0.00107447526772297,0.00584055295970964,0.322842537919632,0.397756315112825,0.0174158429212934,0.413499855977645,0.426731497289443,0.428280520284205
0.224369444511809,0.165685254073245,0.164515147468997,0.227546244270297,0.527909622250054,0.168156567461039,0.161879233550956,0.106900603091546,0.00180850820545997,0.108473808548267,0.238339780961294,0.237277608083983,0.416195041675318,0.0855652985688025,0.226120990716051,0.0111864409797371,0.00128929282034784,0.0549696476524977,0.0652448249326718,0.224428071651339,0.41684615338259,0.00426762060511354,0.153633122656065,0.0802580557537995,0.123945437388041,0.478656985656113,0.231055347308955,0.285477221789899,0.347951943221409,0.38569345687507
0.744772099151295,3.54603702799623,3.56066998817761,0.357578032027982,0.168156567461039,4.2601761499769,4.23089873062167,3.71754061388349,1.6496155878975,0.397840277501545,0.0211577083696168,0.028949467454412,2.09627836457177,3.66410533475434,4.06498139744459,1.38981102588044,2.16430105469824,0.733242716224697,3.39873598826508,0.0637185550139514,2.2375743639494,2.41686428342914,0.266670953177663,0.592408661767331,4.1311793164589,1.50689073333169,0.070397869942501,3.78563012364648,3.28003963666101,2.86147993620174
0.738753295376322,3.54217974611454,3.55812319132059,0.353142797127499,0.161879233550956,4.23089873062167,4.3500284741779,3.81765659361934,1.71736316550463,0.426482363029968,0.0259706020517521,0.0349281165688433,2.06702722883042,3.77545006006075,4.09262136032114,1.45297832052755,2.24700253504149,0.774342771504288,3.50312203447056,0.0738660900881385,2.20895926833408,2.50802259106197,0.291069147022509,0.630028190270598,4.24525630775714,1.47830715390397,0.0819269364329767,3.80071739371354,3.27265126812388,2.84241338045438
0.670233476726932,3.27608385354027,3.2950879280929,0.307652880638814,0.106900603091546,3.71754061388349,3.81765659361934,4.36169415671396,2.18384071711756,0.681076603770286,0.0890273955318341,0.110458733901559,1.65126186201666,4.26513731620341,3.60303447222254,1.90204863136665,2.76645659931816,1.10715153149805,4.04022329642407,0.190273755229223,1.7641271336805,3.04622552334037,0.52109001683819,0.944520662566259,4.34810448623198,1.12238441701074,0.2140116731443,3.29434490967891,2.74027992245538,2.3240446243725
0.255063619893841,1.47961761388149,1.49153874697702,0.0857124546134953,0.00180850820545997,1.6496155878975,1.71736316550463,2.18384071711756,4.86704180778954,2.48812622223957,0.780211235618555,0.917273962947882,0.313594790371459,2.5897763504314,1.46009989971923,4.56321574391051,4.51007702499933,3.24597239468676,2.81151580570064,1.33896972974624,0.337549668990894,4.42837822137877,2.34653717259569,3.08572099481905,2.47603622040065,0.104373587842971,1.55345379432796,1.17747262024861,0.786484654084107,0.554944438896117
0.0268560419337045,0.362033754718197,0.367007953176856,0.000801055967006636,0.108473808548267,0.397840277501545,0.426482363029968,0.681076603770286,2.48812622223957,3.9133314254076,1.47835594686137,1.73895486639505,0.00450792623980378,0.867946801986416,0.255639664054615,2.91592794991122,2.15429392814241,3.45170498640375,1.01303576318388,2.50548900950478,0.00442321682968139,2.06568307842588,3.73015224935672,3.78968082445951,0.719009129340381,0.0809937617694012,2.90642365460232,0.125678391118165,0.0272824753106455,0.00180405287420804
0.00697585387698707,0.0198386847870027,0.0206649447045568,0.0245712761411752,0.238339780961294,0.0211577083696168,0.0259706020517521,0.0890273955318341,0.780211235618555,1.47835594686137,1.74705979695926,1.74497436051606,0.154736046421159,0.135224315871649,0.000631354940759721,0.948938045771008,0.610659861376539,1.25044215852164,0.184516688490716,1.73303251389325,0.158529413362728,0.555848182877286,1.62357646173998,1.38540073660745,0.0761515949749256,0.310694721094666,1.73741710479305,0.0104948095835553,0.0588987104045664,0.10862170393089
0.00566956592869672,0.0269815151029986,0.0280057823458062,0.0228461514550509,0.237277608083983,0.028949467454412,0.0349281165688433,0.110458733901559,0.917273962947882,1.73895486639505,1.74497436051606,2.06550221462369,0.160650249366229,0.165776442926973,0.00188404772892747,1.1179013214967,0.722379605679686,1.4668673398286,0.223456515862773,2.0525438477142,0.165264054297506,0.660499383864673,1.92311099838333,1.63299260925102,0.0969560990809626,0.33028995456936,2.05788827246644,0.00851731743518958,0.0586053961877724,0.112024270500266
0.740081201529477,1.92030715677749,1.91616480694657,0.424166474728114,0.416195041675318,2.09627836457177,2.06702722883042,1.65126186201666,0.313594790371459,0.00450792623980378,0.154736046421159,0.160650249366229,3.75901524280082,1.55600186161125,2.71070373633351,0.190129350709863,0.54498135822706,0.0206181954077835,1.36313818046157,0.154424177134926,3.7589016078668,0.662339147577057,0.0446179797196367,0.00165322906622922,2.02394864905028,3.05208813341674,0.179788656394795,3.21111063663105,3.55461365338628,3.69739219402856
0.635867901803008,3.17974797115508,3.19878352326676,0.285852348627394,0.0855652985688025,3.66410533475434,3.77545006006075,4.26513731620341,2.5897763504314,0.867946801986416,0.135224315871649,0.165776442926973,1.55600186161125,5.00415707622369,3.65767371827976,2.29087616197301,3.27290699541285,1.36199144630927,4.6668661044059,0.275907626632345,1.67250360031615,3.61781690642585,0.694229425287271,1.18667635803191,4.84806455267511,1.0269167326458,0.314227585910504,3.3498995457232,2.72534792039884,2.26839922662435
0.784419148675583,3.43466895588236,3.44304327881171,0.390506410700099,0.226120990716051,4.06498139744459,4.09262136032114,3.60303447222254,1.46009989971923,0.255639664054615,0.000631354940759721,0.00188404772892747,2.71070373633351,3.65767371827976,5.48010869166116,1.19614178350624,2.00808856507835,0.555586653521341,3.33929884817873,0.0127470067708551,2.94658592833941,2.29644111813237,0.142945169961274,0.423163943395873,4.62428292562172,2.02451219727488,0.0135754970731492,5.16856077471256,4.49314512172268,3.89947652160332
0.193585278745611,1.24214349837462,1.25312393577007,0.0577490567360637,0.0111864409797371,1.38981102588044,1.45297832052755,1.90204863136665,4.56321574391051,2.91592794991122,0.948938045771008,1.1179013214967,0.190129350709863,2.29087616197301,1.19614178350624,5.26751039553427,4.26986805905258,3.72097201374476,2.51039256165331,1.63827193112314,0.20569658301249,4.22023608752974,2.83217275375907,3.6172944074931,2.17285016279915,0.0383799666466373,1.92389167859177,0.925016057399427,0.572578519416485,0.375293748322719
0.344074287504141,1.91946731786211,1.93386649041823,0.127394342837984,0.00128929282034784,2.16430105469824,2.24700253504149,2.76645659931816,4.51007702499933,2.15429392814241,0.610659861376539,0.722379605679686,0.54498135822706,3.27290699541285,2.00808856507835,4.26986805905258,5.46441766053605,2.89406948397986,3.50744367735127,1.07674864541427,0.587736071026999,5.37578488073898,2.00084292420924,2.72966345529449,3.23062040457816,0.244961841494127,1.25461767636311,1.70157561833753,1.21287049784969,0.905185338322597
0.0814294242360134,0.664496903381748,0.671680300522674,0.0147671076239297,0.0549696476524977,0.733242716224697,0.774342771504288,1.10715153149805,3.24597239468676,3.45170498640375,1.25044215852164,1.4668673398286,0.0206181954077835,1.36199144630927,0.555586653521341,3.72097201374476,2.89406948397986,4.25973977930423,1.53812176187111,2.10737094915495,0.0226848934816966,2.80850859931761,3.35564059676168,4.07529512549238,1.20603525860023,0.00674059357264722,2.44868106653679,0.362194650115979,0.166316271619394,0.0772086486099388
0.59527641538606,2.98235984127238,3.00075042764281,0.262032712281707,0.0652448249326718,3.39873598826508,3.50312203447056,4.04022329642407,2.81151580570064,1.01303576318388,0.184516688490716,0.223456515862773,1.36313818046157,4.6668661044059,3.33929884817873,2.51039256165331,3.50744367735127,1.53812176187111,4.90161743092849,0.359057191334896,1.4634707565267,3.84850782551624,0.834416842889314,1.35894951614577,4.55522347916599,0.870885981900882,0.409597724857029,3.02870956960521,2.43052092272501,2.00264384345649
0.00184208966338173,0.0584827289540586,0.0602115048725582,0.0164122222334622,0.224428071651339,0.0637185550139514,0.0738660900881385,0.190273755229223,1.33896972974624,2.50548900950478,1.73303251389325,2.0525438477142,0.154424177134926,0.275907626632345,0.0127470067708551,1.63827193112314,1.07674864541427,2.10737094915495,0.359057191334896,3.04704089277347,0.160417352563512,0.998261298037346,2.85467637021333,2.38258814588402,0.178931408478809,0.347145067888278,3.04686940455805,0.00167996680058113,0.045713736221721,0.102647737314799
0.742488719143281,2.0269128666048,2.02313013293991,0.424385486882026,0.41684615338259,2.2375743639494,2.20895926833408,1.7641271336805,0.337549668990894,0.00442321682968139,0.158529413362728,0.165264054297506,3.7589016078668,1.67250360031615,2.94658592833941,0.20569658301249,0.587736071026999,0.0226848934816966,1.4634707565267,0.160417352563512,4.22212314061829,0.71634409263944,0.0463393844126374,0.00199470482849229,2.20308803692118,3.16404452197805,0.188191945963948,3.54639066186598,3.95935873854178,4.13792836031215
0.380045672947069,2.12414962373777,2.13979923924447,0.144612622172893,0.00426762060511354,2.41686428342914,2.50802259106197,3.04622552334037,4.42837822137877,2.06568307842588,0.555848182877286,0.660499383864673,0.662339147577057,3.61781690642585,2.29644111813237,4.22023608752974,5.37578488073898,2.80850859931761,3.84850782551624,0.998261298037346,0.71634409263944,6.03482743732965,1.91318979478661,2.64726378931843,3.6549458557818,0.32014774102803,1.16935465443346,1.98496141090257,1.44101846070584,1.09049053455731
0.0073624795864573,0.240402098315874,0.244560713017902,0.00107447526772297,0.153633122656065,0.266670953177663,0.291069147022509,0.52109001683819,2.34653717259569,3.73015224935672,1.62357646173998,1.92311099838333,0.0446179797196367,0.694229425287271,0.142945169961274,2.83217275375907,2.00084292420924,3.35564059676168,0.834416842889314,2.85467637021333,0.0463393844126374,1.91318979478661,4.68659566543522,3.8590480016732,0.548560570437353,0.188451890079964,3.50379595344799,0.0455563450238232,0.000190856795495797,0.0126430589880204
0.0521364451325335,0.534367111139258,0.5408708068951,0.00584055295970964,0.0802580557537995,0.592408661767331,0.630028190270598,0.944520662566259,3.08572099481905,3.78968082445951,1.38540073660745,1.63299260925102,0.00165322906622922,1.18667635803191,0.423163943395873,3.6172944074931,2.72966345529449,4.07529512549238,1.35894951614577,2.38258814588402,0.00199470482849229,2.64726378931843,3.8590480016732,4.65432691448334,1.0305911201591,0.0352329764556476,2.82437805850255,0.248892136820055,0.0894816077623179,0.0280458111769857
0.696343805804591,3.46144432849779,3.47944235095901,0.322842537919632,0.123945437388041,4.1311793164589,4.24525630775714,4.34810448623198,2.47603622040065,0.719009129340381,0.0761515949749256,0.0969560990809626,2.02394864905028,4.84806455267511,4.62428292562172,2.17285016279915,3.23062040457816,1.20603525860023,4.55522347916599,0.178931408478809,2.20308803692118,3.6549458557818,0.548560570437353,1.0305911201591,6.511697996606,1.39801890474718,0.205719969970967,4.44830268379044,3.65499420424088,3.04587241721059
0.644827179266031,1.3860748103024,1.38162214547358,0.397756315112825,0.478656985656113,1.50689073333169,1.47830715390397,1.12238441701074,0.104373587842971,0.0809937617694012,0.310694721094666,0.33028995456936,3.05208813341674,1.0269167326458,2.02451219727488,0.0383799666466373,0.244961841494127,0.00674059357264722,0.870885981900882,0.347145067888278,3.16404452197805,0.32014774102803,0.188451890079964,0.0352329764556476,1.39801890474718,3.53338391010254,0.399380792155865,2.50838674497275,2.90354787060777,3.1075844372408
0.00218964850688641,0.0638686488994806,0.0658076818843432,0.0174158429212934,0.231055347308955,0.070397869942501,0.0819269364329767,0.2140116731443,1.55345379432796,2.90642365460232,1.73741710479305,2.05788827246644,0.179788656394795,0.314227585910504,0.0135754970731492,1.92389167859177,1.25461767636311,2.44868106653679,0.409597724857029,3.04686940455805,0.188191945963948,1.16935465443346,3.50379595344799,2.82437805850255,0.205719969970967,0.399380792155865,3.9023988792254,0.00249328145289063,0.0562144721635445,0.123588809068493
0.800668292614848,3.21999566238175,3.22510287097505,0.413499855977645,0.285477221789899,3.78563012364648,3.80071739371354,3.29434490967891,1.17747262024861,0.125678391118165,0.0104948095835553,0.00851731743518958,3.21111063663105,3.3498995457232,5.16856077471256,0.925016057399427,1.70157561833753,0.362194650115979,3.02870956960521,0.00167996680058113,3.54639066186598,1.98496141090257,0.0455563450238232,0.248892136820055,4.44830268379044,2.50838674497275,0.00249328145289063,6.53181931975536,5.64208671874204,4.85550292382582
0.792942208491216,2.83627144844242,2.83727477981285,0.426731497289443,0.347951943221409,3.28003963666101,3.27265126812388,2.74027992245538,0.786484654084107,0.0272824753106455,0.0588987104045664,0.0586053961877724,3.55461365338628,2.72534792039884,4.49314512172268,0.572578519416485,1.21287049784969,0.166316271619394,2.43052092272501,0.045713736221721,3.95935873854178,1.44101846070584,0.000190856795495797,0.0894816077623179,3.65499420424088,2.90354787060777,0.0562144721635445,5.64208671874204,6.31641002266386,5.46885614061247
0.773533959455115,2.51090696468632,2.50954260421316,0.428280520284205,0.38569345687507,2.86147993620174,2.84241338045438,2.3240446243725,0.554944438896117,0.00180405287420804,0.10862170393089,0.112024270500266,3.69739219402856,2.26839922662435,3.89947652160332,0.375293748322719,0.905185338322597,0.0772086486099388,2.00264384345649,0.102647737314799,4.13792836031215,1.09049053455731,0.0126430589880204,0.0280458111769857,3.04587241721059,3.1075844372408,0.123588809068493,4.85550292382582,5.46885614061247,5.73127808121114
