0.801260181854781
3.54604240566191
3.56076531369408
0.428425634218392
0.527909622250054
4.2601761499769
4.3500284741779
4.36169415671396
4.86704180778954
3.9133314254076
1.74705979695926
2.06550221462369
3.75901524280082
5.00415707622369
5.48010869166116
5.26751039553427
5.46441766053605
4.25973977930423
4.90161743092849
3.04704089277347
4.22212314061829
6.03482743732965
4.68659566543522
4.65432691448334
6.511697996606
3.53338391010254
3.9023988792254
6.53181931975536
6.31641002266386
5.73127808121114
