2.08545187426968,0,1.90037921494136,1.90037921494136,1.30936366100679,0,0,0,0,1.30936366100679,0,0,0,0,0,0,0,0,0,0,0,0,0,0,0,0,0,0,0,0
0,2.9681254083405,0,0,0,2.80127932181908,2.80127932181908,2.80127932181908,2.8305090653791,0,2.56181724833998,2.80127932181908,2.56181724833998,2.80127932181908,2.56181724833998,2.56181724833998,2.56181724833998,2.56181724833998,2.56181724833998,2.56181724833998,2.56181724833998,2.56181724833998,2.56181724833998,2.56181724833998,2.56181724833998,2.56181724833998,2.56181724833998,2.56181724833998,2.56181724833998,2.56181724833998
1.90037921494136,0,3.43130269689789,2.24449928762638,1.30936366100679,0,0,0,0,1.30936366100679,0,0,0,0,0,0,0,0,0,0,0,0,0,0,0,0,0,0,0,0
1.90037921494136,0,2.24449928762638,3.85185982183487,1.30936366100679,0,0,0,0,1.30936366100679,0,0,0,0,0,0,0,0,0,0,0,0,0,0,0,0,0,0,0,0
1.30936366100679,0,1.30936366100679,1.30936366100679,3.50545202300489,0,0,0,0,3.35481455413015,0,0,0,0,0,0,0,0,0,0,0,0,0,0,0,0,0,0,0,0
0,2.80127932181908,0,0,0,3.43796732998513,2.83493653590988,2.83493653590988,2.80127932181908,0,2.56181724833998,3.37323904795464,2.56181724833998,3.37323904795464,2.56181724833998,2.56181724833998,2.56181724833998,2.56181724833998,2.56181724833998,2.56181724833998,2.56181724833998,2.56181724833998,2.56181724833998,2.56181724833998,2.56181724833998,2.56181724833998,2.56181724833998,2.56181724833998,2.56181724833998,2.56181724833998
0,2.80127932181908,0,0,0,2.83493653590988,3.67896844183053,3.50703131899243,2.80127932181908,0,2.56181724833998,2.83493653590988,2.56181724833998,2.83493653590988,2.56181724833998,2.56181724833998,2.56181724833998,2.56181724833998,2.56181724833998,2.56181724833998,2.56181724833998,2.56181724833998,2.56181724833998,2.56181724833998,2.56181724833998,2.56181724833998,2.56181724833998,2.56181724833998,2.56181724833998,2.56181724833999
0,2.80127932181908,0,0,0,2.83493653590988,3.50703131899243,3.80693423603743,2.80127932181908,0,2.56181724833998,2.83493653590988,2.56181724833998,2.83493653590988,2.56181724833998,2.56181724833998,2.56181724833998,2.56181724833998,2.56181724833998,2.56181724833998,2.56181724833998,2.56181724833998,2.56181724833998,2.56181724833998,2.56181724833998,2.56181724833999,2.56181724833998,2.56181724833999,2.56181724833999,2.56181724833998
0,2.8305090653791,0,0,0,2.80127932181908,2.80127932181908,2.80127932181908,4.4795885762334,0,2.56181724833998,2.80127932181908,2.56181724833998,2.80127932181908,2.56181724833998,2.56181724833998,2.56181724833998,2.56181724833998,2.56181724833998,2.56181724833998,2.56181724833998,2.56181724833998,2.56181724833998,2.56181724833998,2.56181724833998,2.56181724833998,2.56181724833998,2.56181724833998,2.56181724833998,2.56181724833998
1.30936366100679,0,1.30936366100679,1.30936366100679,3.35481455413015,0,0,0,0,4.62877235928825,0,0,0,0,0,0,0,0,0,0,0,0,0,0,0,0,0,0,0,0
0,2.56181724833998,0,0,0,2.56181724833998,2.56181724833998,2.56181724833998,2.56181724833998,0,6.18518969441459,2.56181724833998,5.85205445165145,2.56181724833998,5.85205445165145,5.39990799952089,5.35679193510864,5.39990799952089,5.35679193510864,5.35679193510864,5.35679193510864,5.35679193510864,5.35679193510864,5.35679193510864,5.35679193510864,5.35679193510864,5.35679193510864,5.35679193510864,5.35679193510864,5.35679193510864
0,2.80127932181908,0,0,0,3.37323904795464,2.83493653590988,2.83493653590988,2.80127932181908,0,2.56181724833998,5.56861926690123,2.56181724833998,5.31395149996734,2.56181724833998,2.56181724833998,2.56181724833998,2.56181724833998,2.56181724833998,2.56181724833998,2.56181724833998,2.56181724833998,2.56181724833998,2.56181724833998,2.56181724833998,2.56181724833998,2.56181724833998,2.56181724833998,2.56181724833998,2.56181724833998
0,2.56181724833998,0,0,0,2.56181724833998,2.56181724833998,2.56181724833998,2.56181724833998,0,5.85205445165145,2.56181724833998,6.67960962896404,2.56181724833998,6.45435693120042,5.39990799952089,5.35679193510864,5.39990799952089,5.35679193510864,5.35679193510864,5.35679193510864,5.35679193510864,5.35679193510864,5.35679193510864,5.35679193510864,5.35679193510864,5.35679193510864,5.35679193510864,5.35679193510864,5.35679193510864
0,2.80127932181908,0,0,0,3.37323904795464,2.83493653590988,2.83493653590988,2.80127932181908,0,2.56181724833998,5.31395149996734,2.56181724833998,6.0712674462815,2.56181724833998,2.56181724833998,2.56181724833998,2.56181724833998,2.56181724833998,2.56181724833998,2.56181724833998,2.56181724833998,2.56181724833998,2.56181724833998,2.56181724833998,2.56181724833999,2.56181724833998,2.56181724833999,2.56181724833999,2.56181724833998
0,2.56181724833998,0,0,0,2.56181724833998,2.56181724833998,2.56181724833998,2.56181724833998,0,5.85205445165145,2.56181724833998,6.45435693120042,2.56181724833998,6.83232107938161,5.39990799952089,5.35679193510864,5.39990799952089,5.35679193510864,5.35679193510864,5.35679193510864,5.35679193510864,5.35679193510864,5.35679193510864,5.35679193510864,5.35679193510864,5.35679193510864,5.35679193510864,5.35679193510864,5.35679193510864
0,2.56181724833998,0,0,0,2.56181724833998,2.56181724833998,2.56181724833998,2.56181724833998,0,5.39990799952089,2.56181724833998,5.39990799952089,2.56181724833998,5.39990799952089,6.79561688172,5.35679193510864,6.70120148215273,5.35679193510864,5.35679193510864,5.35679193510864,5.35679193510864,5.35679193510864,5.35679193510864,5.35679193510864,5.35679193510864,5.35679193510864,5.35679193510864,5.35679193510864,5.35679193510864
0,2.56181724833998,0,0,0,2.56181724833998,2.56181724833998,2.56181724833998,2.56181724833998,0,5.35679193510864,2.56181724833998,5.35679193510864,2.56181724833998,5.35679193510864,5.35679193510864,7.47865671890479,5.35679193510864,7.35107765766282,7.09840650175592,7.09840650175592,5.39058534122073,5.39058534122073,5.39058534122073,6.19206914343919,6.19206914343919,5.39058534122073,6.19206914343919,6.19206914343919,6.19206914343919
0,2.56181724833998,0,0,0,2.56181724833998,2.56181724833998,2.56181724833998,2.56181724833998,0,5.39990799952089,2.56181724833998,5.39990799952089,2.56181724833998,5.39990799952089,6.70120148215273,5.35679193510864,7.88672671106657,5.35679193510864,5.35679193510864,5.35679193510864,5.35679193510864,5.35679193510864,5.35679193510864,5.35679193510864,5.35679193510864,5.35679193510864,5.35679193510864,5.35679193510864,5.35679193510864
0,2.56181724833998,0,0,0,2.56181724833998,2.56181724833998,2.56181724833998,2.56181724833998,0,5.35679193510864,2.56181724833998,5.35679193510864,2.56181724833998,5.35679193510864,5.35679193510864,7.35107765766282,5.35679193510864,8.11422816664573,7.09840650175592,7.09840650175592,5.39058534122073,5.39058534122073,5.39058534122073,6.19206914343919,6.19206914343919,5.39058534122073,6.19206914343919,6.19206914343919,6.19206914343919
0,2.56181724833998,0,0,0,2.56181724833998,2.56181724833998,2.56181724833998,2.56181724833998,0,5.35679193510864,2.56181724833998,5.35679193510864,2.56181724833998,5.35679193510864,5.35679193510864,7.09840650175592,5.35679193510864,7.09840650175592,8.14138783544999,8.09625939176581,5.39058534122073,5.39058534122073,5.39058534122073,6.19206914343919,6.19206914343919,5.39058534122073,6.19206914343919,6.19206914343919,6.19206914343919
0,2.56181724833998,0,0,0,2.56181724833998,2.56181724833998,2.56181724833998,2.56181724833998,0,5.35679193510864,2.56181724833998,5.35679193510864,2.56181724833998,5.35679193510864,5.35679193510864,7.09840650175592,5.35679193510864,7.09840650175592,8.09625939176581,8.17433946853955,5.39058534122073,5.39058534122073,5.39058534122073,6.19206914343919,6.19206914343919,5.39058534122073,6.19206914343919,6.19206914343919,6.19206914343919
0,2.56181724833998,0,0,0,2.56181724833998,2.56181724833998,2.56181724833998,2.56181724833998,0,5.35679193510864,2.56181724833998,5.35679193510864,2.56181724833998,5.35679193510864,5.35679193510864,5.39058534122073,5.35679193510864,5.39058534122073,5.39058534122073,5.39058534122073,9.03363320420925,8.56696472642981,7.9999015517566,5.39058534122073,5.39058534122073,7.9999015517566,5.39058534122073,5.39058534122073,5.39058534122073
0,2.56181724833998,0,0,0,2.56181724833998,2.56181724833998,2.56181724833998,2.56181724833998,0,5.35679193510864,2.56181724833998,5.35679193510864,2.56181724833998,5.35679193510864,5.35679193510864,5.39058534122073,5.35679193510864,5.39058534122073,5.39058534122073,5.39058534122073,8.56696472642981,9.04091415080255,7.9999015517566,5.39058534122073,5.39058534122073,7.9999015517566,5.39058534122073,5.39058534122073,5.39058534122073
0,2.56181724833998,0,0,0,2.56181724833998,2.56181724833998,2.56181724833998,2.56181724833998,0,5.35679193510864,2.56181724833998,5.35679193510864,2.56181724833998,5.35679193510864,5.35679193510864,5.39058534122073,5.35679193510864,5.39058534122073,5.39058534122073,5.39058534122073,7.9999015517566,7.9999015517566,9.33609120402807,5.39058534122073,5.39058534122073,8.88754440400255,5.39058534122073,5.39058534122073,5.39058534122073
0,2.56181724833998,0,0,0,2.56181724833998,2.56181724833998,2.56181724833998,2.56181724833998,0,5.35679193510864,2.56181724833998,5.35679193510864,2.56181724833998,5.35679193510864,5.35679193510864,6.19206914343919,5.35679193510864,6.19206914343919,6.19206914343919,6.19206914343919,5.39058534122073,5.39058534122073,5.39058534122073,11.0367950958835,10.3121782096315,5.39058534122073,6.32839335881063,6.32839335881063,6.32839335881063
0,2.56181724833998,0,0,0,2.56181724833998,2.56181724833998,2.56181724833999,2.56181724833998,0,5.35679193510864,2.56181724833998,5.35679193510864,2.56181724833999,5.35679193510864,5.35679193510864,6.19206914343919,5.35679193510864,6.19206914343919,6.19206914343919,6.19206914343919,5.39058534122073,5.39058534122073,5.39058534122073,10.3121782096315,11.7314439021676,5.39058534122073,6.32839335881063,6.32839335881063,6.32839335881063
0,2.56181724833998,0,0,0,2.56181724833998,2.56181724833998,2.56181724833998,2.56181724833998,0,5.35679193510864,2.56181724833998,5.35679193510864,2.56181724833998,5.35679193510864,5.35679193510864,5.39058534122073,5.35679193510864,5.39058534122073,5.39058534122073,5.39058534122073,7.9999015517566,7.9999015517566,8.88754440400255,5.39058534122073,5.39058534122073,10.9974748168408,5.39058534122073,5.39058534122073,5.39058534122073
0,2.56181724833998,0,0,0,2.56181724833998,2.56181724833998,2.56181724833999,2.56181724833998,0,5.35679193510864,2.56181724833998,5.35679193510864,2.56181724833999,5.35679193510864,5.35679193510864,6.19206914343919,5.35679193510864,6.19206914343919,6.19206914343919,6.19206914343919,5.39058534122073,5.39058534122073,5.39058534122073,6.32839335881063,6.32839335881063,5.39058534122073,11.9697609987803,11.118535020308,11.118535020308
0,2.56181724833998,0,0,0,2.56181724833998,2.56181724833998,2.56181724833999,2.56181724833998,0,5.35679193510864,2.56181724833998,5.35679193510864,2.56181724833999,5.35679193510864,5.35679193510864,6.19206914343919,5.35679193510864,6.19206914343919,6.19206914343919,6.19206914343919,5.39058534122073,5.39058534122073,5.39058534122073,6.32839335881063,6.32839335881063,5.39058534122073,11.118535020308,12.6705672830968,11.4584260074357
0,2.56181724833998,0,0,0,2.56181724833998,2.56181724833999,2.56181724833998,2.56181724833998,0,5.35679193510864,2.56181724833998,5.35679193510864,2.56181724833998,5.35679193510864,5.35679193510864,6.19206914343919,5.35679193510864,6.19206914343919,6.19206914343919,6.19206914343919,5.39058534122073,5.39058534122073,5.39058534122073,6.32839335881063,6.32839335881063,5.39058534122073,11.118535020308,11.4584260074357,13.1026660955449
