-0.200994963440027,0.441432532406717,-0.200994963440027,0.441432532406717
2.74297070916863,-2.63707787428472,2.77608102315253,-2.64383815568007
2.39085771666832,-3.32887854657592,2.48173089644961,-3.22725986279643
2.00455943505283,0.0258748194257557,2.02154475505521,-0.00318214126822178
2.74297070916863,-2.63707787428472,2.77925417293295,-2.61378613180664
2.00455943505283,0.0258748194257557,1.9753299266214,0.0259920603825665
1.9753299266214,0.0259920603825665,1.92056636471754,0.152242645084852
2.09468959875691,0.182970707993463,2.0765940543984,0.353952945328851
2.49738697978413,-0.153614150555748,2.49811344845909,-0.0888899453626118
3.23918708487318,-2.00691578767458,3.27557300846548,-1.91979327485624
2.06357927181321,-4.31674693167376,2.026341753345,-4.34224092405798
2.06357927181321,-4.31674693167376,2.11675582150319,-4.37391994062083
-0.200994963440027,0.441432532406717,-0.195085969363277,0.418165808094289
-0.195085969363277,0.418165808094289,-0.0888852043395343,0.45291813540871
-0.0888852043395343,0.45291813540871,0.0107036592789968,0.47766936545883
0.0107036592789968,0.47766936545883,0.105057584224819,0.47515073263716
0.105057584224819,0.47515073263716,0.119423598841961,0.459155953879905
0.393073941859555,0.531585820574625,0.550083535034296,0.528167987471878
0.550083535034296,0.528167987471878,0.724519496689121,0.520067905106862
0.93144418948016,0.494178779517608,1.05131549781435,0.468337524573333
2.00745506382731,-0.00336027173414968,2.09153017181234,-0.108010433082569
2.09153017181234,-0.108010433082569,2.17743111616545,-0.21810516043943
2.32836397465521,-0.408537033367985,2.39582573474621,-0.479540715978045
2.5370409212903,-0.62895110638419,2.52297915569033,-0.717009066430309
2.7210104427118,-1.2371061080609,2.74124031322904,-1.30708286618282
2.81106470263351,-1.60661888563061,2.85096657891895,-1.76961258452412
2.8504614248456,-2.07546387413742,2.81473495397934,-2.25871105267033
2.80565083495604,-2.47134145667969,2.74297070916863,-2.63707787428472
-0.200994963440027,0.441432532406717,-0.338681413441621,0.391264234186997
-0.338681413441621,0.391264234186997,-0.444124869989278,0.36663951839277
-0.444124869989278,0.36663951839277,-0.454331266379232,0.365270645114197
-0.454331266379232,0.365270645114197,-0.48964027998437,0.432270016189123
-0.48964027998437,0.432270016189123,-0.631389658832063,0.360990028918574
-0.631389658832063,0.360990028918574,-0.734472170875478,0.343352303390121
-0.734472170875478,0.343352303390121,-0.751660884442294,0.409654658567593
-0.751660884442294,0.409654658567593,-0.803749675119986,0.422701683351008
-0.803749675119986,0.422701683351008,-0.874877073792708,0.477919160687025
-0.874877073792708,0.477919160687025,-0.997143354742115,0.539459968708537
-0.997143354742115,0.539459968708537,-1.12180600264137,0.534224900953965
-1.12180600264137,0.534224900953965,-1.203453644612,0.544416007969817
-1.203453644612,0.544416007969817,-1.26140157407349,0.628192918943798
-1.26140157407349,0.628192918943798,-1.27744344285509,0.583770500443107
2.09153017181234,-0.108010433082569,1.98696633088974,-0.0185041880790427
1.98696633088974,-0.0185041880790427,2.02223884609658,-0.0346318749931609
2.02223884609658,-0.0346318749931609,2.00455943505283,0.0258748194257557
2.21199679911216,-3.55987147160128,2.16332215758,-3.66444013873001
2.04504515665499,-3.7342154702265,2.01448226284629,-3.79813531443465
2.01448226284629,-3.79813531443465,1.85390676211859,-3.85830558484813
1.85390676211859,-3.85830558484813,1.84951876795633,-3.8822799708542
1.84951876795633,-3.8822799708542,1.79925495721695,-3.86649693452165
2.77608102315253,-2.64383815568007,2.75135948848709,-2.61797758135314
2.66045366080601,-2.94922473783395,2.62611719944302,-3.00542046419936
2.62611719944302,-3.00542046419936,2.59096405363869,-3.1543974410474
2.59096405363869,-3.1543974410474,2.54348506189651,-3.20098826076304
2.54348506189651,-3.20098826076304,2.53216872056691,-3.31819811190611
2.53216872056691,-3.31819811190611,2.50029940759478,-3.36303947483487
2.50029940759478,-3.36303947483487,2.40899447107413,-3.52077098744204
2.40899447107413,-3.52077098744204,2.40599725898773,-3.50884929321248
2.40599725898773,-3.50884929321248,2.44244693764507,-3.56436014157943
2.44244693764507,-3.56436014157943,2.3612681867487,-3.62895732151472
2.3612681867487,-3.62895732151472,2.37562049672245,-3.66675486842919
2.37562049672245,-3.66675486842919,2.32791555525181,-3.69212936228389
2.32791555525181,-3.69212936228389,2.38740345158255,-3.72048959550736
2.38740345158255,-3.72048959550736,2.31792550444321,-3.79794553455499
2.31792550444321,-3.79794553455499,2.3697199784888,-3.82759855592766
2.35058283418052,-3.99179843986742,2.42279084073186,-4.07767489983221
2.42279084073186,-4.07767489983221,2.41385071620304,-4.0418832220242
2.41385071620304,-4.0418832220242,2.44051960141867,-4.14225550396025
2.44051960141867,-4.14225550396025,2.4724474322803,-4.26924646278322
2.4724474322803,-4.26924646278322,2.51879116999653,-4.38327711510331
2.51879116999653,-4.38327711510331,2.56496285257163,-4.45382481102968
2.56496285257163,-4.45382481102968,2.65751730122626,-4.61229414833288
2.65751730122626,-4.61229414833288,2.62605774303184,-4.68003898897632
2.62605774303184,-4.68003898897632,2.62356408851001,-4.74326450828982
-1.40749833394003,0.79086467189032,-1.34319685655207,0.888759265348468
-1.34319685655207,0.888759265348468,-1.39489772863777,0.933640086895473
-1.39489772863777,0.933640086895473,-1.33900429701436,0.998298343741146
-1.33900429701436,0.998298343741146,-1.33851044703255,1.09511832011662
-1.31889354591879,1.29519392394555,-1.30537121131608,1.40431127582222
-1.30537121131608,1.40431127582222,-1.3049496684514,1.51939804204212
-1.3049496684514,1.51939804204212,-1.28165853511308,1.56361819445269
-1.28165853511308,1.56361819445269,-1.30601789254428,1.71681769944721
-1.30601789254428,1.71681769944721,-1.20456502247561,1.74068232545889
-1.28102562265288,1.96513339257086,-1.35239264969038,2.00404090513078
-1.35239264969038,2.00404090513078,-1.21783471583463,2.07856823362153
-1.21783471583463,2.07856823362153,-1.26352559224393,2.22415390198474
-1.26352559224393,2.22415390198474,-1.24748339953347,2.28267502127695
-1.01056004460962,-2.64679182357773,-1.08698220325253,-2.65363998783353
-1.08698220325253,-2.65363998783353,-1.12559466841752,-2.55242059517906
-1.20081476859333,-2.50133841617439,-1.16655620407642,-2.57346017775379
-1.16655620407642,-2.57346017775379,-1.24202832393427,-2.48659734311288
-1.24202832393427,-2.48659734311288,-1.20053596111034,-2.44386381160645
-1.20053596111034,-2.44386381160645,-1.23891777000952,-2.37531294907169
-1.23891777000952,-2.37531294907169,-1.25426989706656,-2.38952813012811
-1.25426989706656,-2.38952813012811,-1.27087398585025,-2.33630890486561
2.77925417293295,-2.61378613180664,2.79697555616716,-2.51334911266623
2.79697555616716,-2.51334911266623,2.76137555642008,-2.6791142267433
2.76137555642008,-2.6791142267433,2.8102524086133,-2.50524015826187
2.02154475505521,-0.00318214126822178,2.0666039057978,-0.0145008718521651
2.0666039057978,-0.0145008718521651,2.13156163130775,-0.0464324273786329
2.13156163130775,-0.0464324273786329,2.19163132706036,-0.0682207996282864
2.19163132706036,-0.0682207996282864,2.23543093215097,-0.090658046477894
2.23543093215097,-0.090658046477894,2.28984603082482,-0.106536052137126
2.28984603082482,-0.106536052137126,2.3786051088023,-0.148652915369658
2.3786051088023,-0.148652915369658,2.47347088081056,-0.193486453638123
2.47347088081056,-0.193486453638123,2.49738697978413,-0.153614150555748
-1.46607448270506,0.809333425831247,-1.58960743716324,0.763471973569622
-1.58960743716324,0.763471973569622,-1.73241421948867,0.711220154053932
2.49738697978413,-0.153614150555748,2.57292834606854,-0.178765643256482
2.57292834606854,-0.178765643256482,2.62221621435431,-0.182686697563648
2.62221621435431,-0.182686697563648,2.72267686319391,-0.212714949984416
2.72267686319391,-0.212714949984416,2.79989286514017,-0.175487095609145
2.79989286514017,-0.175487095609145,2.82412988616513,-0.109999603954264
2.82412988616513,-0.109999603954264,2.96994784442292,-0.110324990736019
2.96994784442292,-0.110324990736019,3.08122910905871,-0.156863187413167
3.08122910905871,-0.156863187413167,3.18208483132994,-0.103795377419903
3.18208483132994,-0.103795377419903,3.25842892738794,0.00255473799237815
3.25842892738794,0.00255473799237815,3.31579573965159,-0.0476699672795251
3.31579573965159,-0.0476699672795251,3.47260801523045,-0.0288557235862972
3.47260801523045,-0.0288557235862972,3.55457133192473,0.0193006823910646
3.55457133192473,0.0193006823910646,3.70020119076472,0.0692865935636357
3.84984631151565,0.0659329535232629,3.94909533653817,0.026666489646118
3.94909533653817,0.026666489646118,3.9798860454626,0.00632239126618247
-1.73241421948867,0.711220154053932,-1.8099441599157,0.80271627857245
-1.8099441599157,0.80271627857245,-1.88752444499664,0.888207497362761
-1.88752444499664,0.888207497362761,-1.93535015135739,0.985875231161811
1.61140067334003,-3.89472243401747,1.61718279341457,-3.91189845401703
1.61718279341457,-3.91189845401703,1.64559094688375,-3.88442184721372
-1.27087398585025,-2.33630890486561,-1.30618018994307,-2.29194630303454
-1.30618018994307,-2.29194630303454,-1.32836000056343,-2.25616962989112
-1.32836000056343,-2.25616962989112,-1.38837658435646,-2.24857977372692
-1.38837658435646,-2.24857977372692,-1.43470941526026,-2.21760897397573
-1.43470941526026,-2.21760897397573,-1.41379584497706,-2.18464849318879
-1.41379584497706,-2.18464849318879,-1.45870526111434,-2.25780206954836
1.68667460212735,-3.86456632770659,1.74503366069627,-3.82192190647017
1.35587592826713,-3.85243818960393,1.32315781288806,-3.85068408537441
-0.336052395505324,-3.11928943901761,-0.309611971631465,-3.12820558029112
-0.309611971631465,-3.12820558029112,-0.425979140329098,-3.06582311212794
-0.683624789288049,-2.91571280956514,-0.777881704965266,-2.84526669029114
2.8102524086133,-2.50524015826187,2.82499251195408,-2.5715186248616
2.82499251195408,-2.5715186248616,2.83452959439433,-2.58588499927162
2.83452959439433,-2.58588499927162,2.81032678731576,-2.65296279760347
2.81032678731576,-2.65296279760347,2.81494881951655,-2.70278851344222
2.81494881951655,-2.70278851344222,2.82051555776145,-2.69824667690503
2.82051555776145,-2.69824667690503,2.90032496111604,-2.64791035747313
2.90032496111604,-2.64791035747313,2.8949362268753,-2.68630210090154
2.8949362268753,-2.68630210090154,2.90093188550891,-2.69444838333388
2.90093188550891,-2.69444838333388,2.95077280724612,-2.77147342641238
2.95077280724612,-2.77147342641238,3.02893861197021,-2.63920115309157
2.62356408851001,-4.74326450828982,2.62462900772065,-4.86272022871254
2.62462900772065,-4.86272022871254,2.68205475559198,-4.93661966107071
2.68205475559198,-4.93661966107071,2.62498227280509,-5.0592141420991
2.62356408851001,-4.74326450828982,2.76462319466067,-4.76613122474148
2.76462319466067,-4.76613122474148,2.82360015534009,-4.86347823253409
2.82360015534009,-4.86347823253409,2.87490367068674,-4.84534018034687
2.87490367068674,-4.84534018034687,2.95725643737413,-4.89752901761949
2.95725643737413,-4.89752901761949,3.05328501025926,-4.8811148008104
3.05328501025926,-4.8811148008104,3.21752259849457,-4.94629852012651
3.21752259849457,-4.94629852012651,3.23901170973186,-4.99307787064117
3.23901170973186,-4.99307787064117,3.39077059279253,-4.97062554202657
1.79925495721695,-3.86649693452165,1.80267976903802,-3.90127907582146
1.80267976903802,-3.90127907582146,1.78453186122962,-3.89040200794278
1.78453186122962,-3.89040200794278,1.73968597161115,-3.86748913365384
1.73968597161115,-3.86748913365384,1.79722146151037,-3.90555495174623
1.79722146151037,-3.90555495174623,1.74916409862187,-3.91295549194851
1.74916409862187,-3.91295549194851,1.80201813291522,-3.95412351766246
1.80201813291522,-3.95412351766246,1.78100724869972,-3.97983672777157
1.78100724869972,-3.97983672777157,1.78998315025016,-3.91056648267273
1.78998315025016,-3.91056648267273,1.77190265557982,-3.96181548363387
1.77190265557982,-3.96181548363387,1.82927695371914,-4.02848547133464
1.82927695371914,-4.02848547133464,1.85391416858987,-3.97574966514012
1.85391416858987,-3.97574966514012,1.91142107816068,-4.08725595724678
1.91142107816068,-4.08725595724678,1.91871313749181,-4.0909241817011
1.91871313749181,-4.0909241817011,2.00650921982164,-4.20341180864496
2.00650921982164,-4.20341180864496,2.06357927181321,-4.31674693167376
2.77925417293295,-2.61378613180664,2.82380563774075,-2.54718229829866
2.85411023520047,-2.35117732317855,2.8707727657032,-2.31899156950939
2.8707727657032,-2.31899156950939,2.8650815371352,-2.29386259688342
2.8650815371352,-2.29386259688342,2.85723806225121,-2.22837109007611
2.85723806225121,-2.22837109007611,2.92429623734395,-2.14178452440621
2.92429623734395,-2.14178452440621,2.95175336206636,-2.15954859673458
2.95175336206636,-2.15954859673458,2.92639821087322,-2.05540799474315
2.92639821087322,-2.05540799474315,2.91444165606177,-2.12460325976152
2.91444165606177,-2.12460325976152,2.99253525547973,-2.03362674572043
2.99253525547973,-2.03362674572043,3.02929555049856,-1.98011524535595
3.02929555049856,-1.98011524535595,3.04384389605523,-2.01860935988651
3.04384389605523,-2.01860935988651,3.07835734245465,-2.00132156825675
3.07835734245465,-2.00132156825675,3.19908871749104,-1.87616091662934
3.19908871749104,-1.87616091662934,3.23918708487318,-2.00691578767458
2.02154475505521,-0.00318214126822178,2.02000902923741,0.00326059148484586
2.02000902923741,0.00326059148484586,2.06013550889762,0.0772612582021597
2.06013550889762,0.0772612582021597,2.04364670604626,0.0628566664215588
2.04364670604626,0.0628566664215588,1.99547609057728,0.173551487198967
2.16416801317659,0.0621080736644413,2.11170710231387,0.144940328929452
2.11170710231387,0.144940328929452,2.13556921940701,0.105467494137543
2.13556921940701,0.105467494137543,2.09468959875691,0.182970707993463
-1.73241421948867,0.711220154053932,-1.78626741711926,0.722090460364625
-1.78626741711926,0.722090460364625,-1.9162930002407,0.716796122399843
-1.93535015135739,0.985875231161811,-2.05172770220519,1.05374800727614
-2.05172770220519,1.05374800727614,-2.10596049189648,1.18097622021283
-2.10596049189648,1.18097622021283,-2.13845737266249,1.19799007157645
-2.13845737266249,1.19799007157645,-2.25303667160763,1.30032466458811
-2.25303667160763,1.30032466458811,-2.22726423738693,1.33025260959472
-2.32760322254942,1.48969160265811,-2.4677686779315,1.55098640518455
-2.4677686779315,1.55098640518455,-2.42836529013219,1.69902239907245
-1.93535015135739,0.985875231161811,-2.04125442590237,0.884036540518784
-2.04125442590237,0.884036540518784,-2.12322796049403,1.02363171074375
-2.48395207356264,0.824253944203213,-2.51813518593513,0.855021450330113
-2.51813518593513,0.855021450330113,-2.69910892204845,0.776533075125191
-2.69910892204845,0.776533075125191,-2.746471217267,0.832600972775787
-2.746471217267,0.832600972775787,-2.84282489314634,0.778695939853793
-2.84282489314634,0.778695939853793,-2.93100340734897,0.768205277838785
-1.24748339953347,2.28267502127695,-1.19828952923998,2.40632559525753
-1.19828952923998,2.40632559525753,-1.14705372255215,2.51176149855034
-1.14705372255215,2.51176149855034,-1.04935615035331,2.54095432703659
-1.04935615035331,2.54095432703659,-1.02097138729767,2.68060393643697
-1.02097138729767,2.68060393643697,-0.947576793251759,2.6939177204619
-0.947576793251759,2.6939177204619,-0.889882074652743,2.86994724071095
-0.889882074652743,2.86994724071095,-0.859349393323672,2.93253929307015
-0.859349393323672,2.93253929307015,-0.763219729160759,2.98397607770529
-0.763219729160759,2.98397607770529,-0.700096888520287,3.08541477736161
-0.694921126874527,3.21974212747889,-0.639694868494092,3.28505146782553
1.9753299266214,0.0259920603825665,1.89150122567225,0.155206671098015
1.89150122567225,0.155206671098015,1.83229419403813,0.175880555547873
1.83229419403813,0.175880555547873,1.80534178905501,0.220671883275642
1.80534178905501,0.220671883275642,1.68041470755041,0.280969521756347
1.68041470755041,0.280969521756347,1.70123485624555,0.367200638710051
1.70123485624555,0.367200638710051,1.57966209963305,0.452348918873623
1.57966209963305,0.452348918873623,1.58063019393132,0.519414500201661
1.58063019393132,0.519414500201661,1.49884441232594,0.568446501887161
1.49884441232594,0.568446501887161,1.46160638663832,0.632249004248503
1.46160638663832,0.632249004248503,1.49608023907225,0.729291961226116
1.49608023907225,0.729291961226116,1.42714588218709,0.805425924857214
1.42714588218709,0.805425924857214,1.47835265050302,0.903281762740278
1.47835265050302,0.903281762740278,1.39468030585167,1.01863589728513
1.39468030585167,1.01863589728513,1.3751529768635,1.04909285566167
1.3751529768635,1.04909285566167,1.39564502230471,1.18040842418549
1.39564502230471,1.18040842418549,1.38116151618172,1.31984569357432
2.18895704654952,0.299156859165547,2.2719208945815,0.375855500421943
4.12589597053559,0.152987485039608,4.18019057783192,0.194742827684266
4.18019057783192,0.194742827684266,4.21853164131997,0.376925909109996
4.12589597053559,0.152987485039608,4.2307109021,0.0389160589898413
4.2307109021,0.0389160589898413,4.26330603015579,-0.00227049459992973
4.43596907806051,0.0575700352133743,4.52071973776021,0.150709728880277
3.33148320942979,-1.84037452617622,3.38793674184525,-1.77729571064005
3.38793674184525,-1.77729571064005,3.52454738543138,-1.81480128214027
3.52454738543138,-1.81480128214027,3.58421761893333,-1.77213616596001
3.58421761893333,-1.77213616596001,3.71104415728984,-1.68423308214673
3.71104415728984,-1.68423308214673,3.81627323410667,-1.70597962019662
3.81627323410667,-1.70597962019662,3.8370051792384,-1.71983781743301
4.06119661797409,-1.63451577660217,4.07856287421898,-1.64201153264485
4.07856287421898,-1.64201153264485,4.13900908912813,-1.51814275331132
2.8102524086133,-2.50524015826187,2.84828260771296,-2.57780662473949
2.84828260771296,-2.57780662473949,2.86387007336237,-2.45267807775605
2.86387007336237,-2.45267807775605,2.88380800899528,-2.44635520273793
2.88380800899528,-2.44635520273793,2.8896682472096,-2.48365889873069
2.8896682472096,-2.48365889873069,2.95353446012806,-2.46536760658136
3.02893861197021,-2.63920115309157,3.04740615255646,-2.78218448581541
3.04740615255646,-2.78218448581541,3.15671411979964,-2.72015918489062
3.15671411979964,-2.72015918489062,3.2532498257983,-2.67148285215199
3.39077059279253,-4.97062554202657,3.41956107460928,-5.05409697778699
3.41956107460928,-5.05409697778699,3.38731334909259,-5.10648697015568
3.39077059279253,-4.97062554202657,3.47574569508277,-4.92563123191886
3.5439146173934,-4.87406890367575,3.66910306002723,-4.90996422591904
3.66910306002723,-4.90996422591904,3.72296155213339,-4.94897877563614
3.72296155213339,-4.94897877563614,3.85267772859297,-4.95876904235117
4.03884845694857,-4.94171269502259,4.05774082140555,-4.92402233755427
4.05774082140555,-4.92402233755427,4.18283429168162,-4.94626499696025
4.18283429168162,-4.94626499696025,4.31368424509591,-4.94333144403875
4.31368424509591,-4.94333144403875,4.33989863836129,-4.96532120613155
4.33989863836129,-4.96532120613155,4.48289617503211,-4.92702231081378
4.62832585872622,-4.82662224803261,4.67426553150739,-4.88248158661938
4.67426553150739,-4.88248158661938,4.77107644621734,-4.91311724319509
4.77107644621734,-4.91311724319509,4.83095535028721,-4.93135132962395
2.57338367005103,-5.26963944449367,2.50563113889136,-5.31589580369858
2.50563113889136,-5.31589580369858,2.54810772715532,-5.41632806011451
2.54810772715532,-5.41632806011451,2.47128070642976,-5.50448363345274
2.47128070642976,-5.50448363345274,2.39189303045058,-5.6418436891348
2.74134269919436,-5.3953896215446,2.72457663588882,-5.44071349651814
2.72457663588882,-5.44071349651814,2.71893346562702,-5.5754089387638
2.71893346562702,-5.5754089387638,2.68627398646655,-5.63218023447137
1.64559094688375,-3.88442184721372,1.58858865138066,-3.88879565008774
1.37812391503995,-3.8905923089205,1.33336628678823,-3.8461047067081
1.33336628678823,-3.8461047067081,1.32827444912515,-3.86611002979917
1.32827444912515,-3.86611002979917,1.21928881801382,-3.83826263899179
1.21928881801382,-3.83826263899179,1.21259631966031,-3.83846276350776
1.21259631966031,-3.83846276350776,1.23147416313338,-3.82830730442535
1.0257322628651,-3.79023028227383,0.98525585554515,-3.78460979214818
1.64559094688375,-3.88442184721372,1.55752063163696,-3.89473123957749
1.55752063163696,-3.89473123957749,1.59630053363129,-3.89158405662194
-0.777881704965266,-2.84526669029114,-0.767462436836814,-2.86152393644586
-0.767462436836814,-2.86152393644586,-0.673380966973318,-2.92324775770391
-0.673380966973318,-2.92324775770391,-0.648294334443551,-2.88953589528719
-0.648294334443551,-2.88953589528719,-0.668492717074252,-2.93561936932136
-0.668492717074252,-2.93561936932136,-0.786350442830781,-2.85492529072393
-0.651818363844758,-2.96316995859298,-0.665374532910183,-2.94462997423238
-0.665374532910183,-2.94462997423238,-0.560527107839205,-2.99826085441526
-0.808603703603147,-2.9017980547803,-0.884696332086743,-2.92524428490636
-0.777881704965266,-2.84526669029114,-0.827855944980197,-2.81931774024708
-0.827855944980197,-2.81931774024708,-0.92512535362909,-2.77025322693282
-0.92512535362909,-2.77025322693282,-0.915484141432697,-2.77282621788693
-0.915484141432697,-2.77282621788693,-0.946527788830217,-2.75464426531173
-0.946527788830217,-2.75464426531173,-1.0283624661527,-2.74880970245841
-1.0283624661527,-2.74880970245841,-1.10805180195391,-2.68911538237971
-1.10805180195391,-2.68911538237971,-1.10981371648859,-2.74408725556003
-1.10981371648859,-2.74408725556003,-1.22707077572654,-2.74725892557867
-1.27087398585025,-2.33630890486561,-1.31446692249437,-2.31060226698669
-1.31446692249437,-2.31060226698669,-1.29869211458394,-2.4088327202571
-1.29869211458394,-2.4088327202571,-1.29593026248775,-2.46383460587351
-1.29593026248775,-2.46383460587351,-1.36848832164714,-2.42599015557293
-1.36848832164714,-2.42599015557293,-1.38974853370938,-2.42564689604009
-1.38974853370938,-2.42564689604009,-1.39069359419283,-2.48748852385864
-1.39069359419283,-2.48748852385864,-1.46941826514315,-2.54288668914952
-1.46941826514315,-2.54288668914952,-1.49884864995908,-2.60468042249459
-1.49884864995908,-2.60468042249459,-1.56855700535368,-2.60634710830146
-1.56855700535368,-2.60634710830146,-1.597621012108,-2.66681070183445
-1.597621012108,-2.66681070183445,-1.75563869398299,-2.75215083748595
-1.45870526111434,-2.25780206954836,-1.48693964013872,-2.24091128466177
-1.48693964013872,-2.24091128466177,-1.58353919249245,-2.32397318796992
-1.58353919249245,-2.32397318796992,-1.56694545779196,-2.25599079182553
-1.56694545779196,-2.25599079182553,-1.69450703803993,-2.29208655557742
-1.73818559418819,-2.40395975953833,-1.83654606728923,-2.45088349968487
-1.83654606728923,-2.45088349968487,-1.89705223610901,-2.41920836604625
-1.89705223610901,-2.41920836604625,-1.9962230921533,-2.46269609927619
-2.10350580344523,-2.62878196087337,-2.24355684160235,-2.68310359767636
-2.24355684160235,-2.68310359767636,-2.25014762146156,-2.68778733761811
-2.25014762146156,-2.68778733761811,-2.33262282767161,-2.74154423264829
-2.52973379364374,-2.76238221135287,-2.46684635109071,-2.89083900746726
-2.46684635109071,-2.89083900746726,-2.51521924603066,-2.94688761113581
-1.45870526111434,-2.25780206954836,-1.54325500834489,-2.15642920940789
-1.54325500834489,-2.15642920940789,-1.58419427393173,-2.10113610287782
-1.58419427393173,-2.10113610287782,-1.59291816938999,-2.13676154049192
-1.59291816938999,-2.13676154049192,-1.75045422231195,-2.09134441467937
-1.75045422231195,-2.09134441467937,-1.78113061646729,-2.00234666924856
-1.78113061646729,-2.00234666924856,-1.83996973071982,-1.99405314096605
-1.83996973071982,-1.99405314096605,-1.94669281354594,-1.9706387726479
-1.94669281354594,-1.9706387726479,-2.03675269923827,-1.98640044820857
-2.03675269923827,-1.98640044820857,-2.21167039302767,-1.89607294848121
-2.21167039302767,-1.89607294848121,-2.17595797185616,-1.90196350119815
1.60363794699139,0.238171096540436,1.78383921080069,0.166178120454555
1.78383921080069,0.166178120454555,1.84201212057204,0.115964976708983
2.85096657891895,-1.76961258452412,2.83098543782703,-1.92539966711046
2.83098543782703,-1.92539966711046,2.8504614248456,-2.07546387413742
2.77608102315253,-2.64383815568007,2.70819816044161,-2.80521891742445
2.70819816044161,-2.80521891742445,2.62033759049803,-2.96791172479405
2.52755865077447,-3.18529611440897,2.39085771666832,-3.32887854657592
2.3697199784888,-3.82759855592766,2.34116311725584,-3.89951623713519
2.34116311725584,-3.89951623713519,2.35058283418052,-3.99179843986742
2.48173089644961,-3.22725986279643,2.39556625095188,-3.36502587755249
2.39556625095188,-3.36502587755249,2.33672153600126,-3.40919455690518
-0.916457335795173,-2.76414742967005,-0.949162768186773,-2.71346747093778
-0.949162768186773,-2.71346747093778,-1.01056004460962,-2.64679182357773
3.70020119076472,0.0692865935636357,3.80986509578714,0.0846606750003295
3.80986509578714,0.0846606750003295,3.84984631151565,0.0659329535232629
3.9798860454626,0.00632239126618247,4.10214001452543,0.0199110715880218
4.10214001452543,0.0199110715880218,4.12589597053559,0.152987485039608
1.79925495721695,-3.86649693452165,1.7203264059032,-3.90051285966264
1.7203264059032,-3.90051285966264,1.61140067334003,-3.89472243401747
-2.12322796049403,1.02363171074375,-2.20600435599895,0.958998150853196
-2.27891765491536,0.963165394167337,-2.42326734365341,0.857561630405903
-2.42326734365341,0.857561630405903,-2.48395207356264,0.824253944203213
2.09468959875691,0.182970707993463,2.13361902242053,0.307935030950374
2.13361902242053,0.307935030950374,2.18895704654952,0.299156859165547
3.47574569508277,-4.92563123191886,3.46617039651214,-4.96717906298937
3.46617039651214,-4.96717906298937,3.5439146173934,-4.87406890367575
2.57338367005103,-5.26963944449367,2.67733942649009,-5.29624506558331
2.67733942649009,-5.29624506558331,2.74134269919436,-5.3953896215446
-1.69450703803993,-2.29208655557742,-1.73099836605777,-2.38275424310872
-1.73099836605777,-2.38275424310872,-1.73818559418819,-2.40395975953833
-1.24748339953347,2.28267502127695,-1.26877496943561,2.3099111882818
-1.26877496943561,2.3099111882818,-1.36206721059629,2.37896211834764
2.69858952126438,-1.04697288842127,2.68925129444201,-1.08534260433997
2.68925129444201,-1.08534260433997,2.7210104427118,-1.2371061080609
2.74124031322904,-1.30708286618282,2.8055046741021,-1.4334255798706
2.8055046741021,-1.4334255798706,2.81106470263351,-1.60661888563061
2.75135948848709,-2.61797758135314,2.70636062342093,-2.79896783303221
2.70636062342093,-2.79896783303221,2.66045366080601,-2.94922473783395
-1.33851044703255,1.09511832011662,-1.30541967316758,1.24255596286936
-1.30541967316758,1.24255596286936,-1.31889354591879,1.29519392394555
2.17697470781775,-3.5712466540957,2.09975687342385,-3.63931225114657
2.09975687342385,-3.63931225114657,1.99381230887017,-3.70048529089729
1.99381230887017,-3.70048529089729,1.86339546906227,-3.80159169741317
2.31892565338762,-3.43834749357104,2.24464614842468,-3.50166366046353
-0.700096888520287,3.08541477736161,-0.705384565303372,3.17441168594726
-0.705384565303372,3.17441168594726,-0.694921126874527,3.21974212747889
-0.884696332086743,-2.92524428490636,-0.87160381706421,-2.99168420575617
1.89410572803087,-3.79388831122033,1.83985842659062,-3.84500457892982
1.83985842659062,-3.84500457892982,1.68667460212735,-3.86456632770659
1.74503366069627,-3.82192190647017,1.60472334819649,-3.84900538727981
1.60472334819649,-3.84900538727981,1.47923843662396,-3.87301131791095
1.05131549781435,0.468337524573333,1.10920700870949,0.410469421405435
1.10920700870949,0.410469421405435,1.25523127306521,0.425018690876721
2.39582573474621,-0.479540715978045,2.49225679658388,-0.576767550234309
2.49225679658388,-0.576767550234309,2.5370409212903,-0.62895110638419
2.52297915569033,-0.717009066430309,2.60330853864768,-0.873613302841923
2.32055389644184,-3.49792267951182,2.21199679911216,-3.55987147160128
-1.12559466841752,-2.55242059517906,-1.11317295890775,-2.5608616682909
-1.11317295890775,-2.5608616682909,-1.20081476859333,-2.50133841617439
1.32315781288806,-3.85068408537441,1.16485097909612,-3.8270044925337
1.16485097909612,-3.8270044925337,1.04267039064197,-3.80197207029337
4.26330603015579,-0.00227049459992973,4.31281925904212,0.0493278265608666
4.31281925904212,0.0493278265608666,4.43596907806051,0.0575700352133743
-0.759384046665859,-2.91733590960746,-0.808603703603147,-2.9017980547803
2.62033759049803,-2.96791172479405,2.54190360498479,-3.07894707600858
2.54190360498479,-3.07894707600858,2.52755865077447,-3.18529611440897
1.6555755396177,-3.82983277505329,1.50624390271536,-3.8361666850335
1.50624390271536,-3.8361666850335,1.38771059687817,-3.85411459194259
1.38771059687817,-3.85411459194259,1.24215384654226,-3.8205370815504
2.11281562871857,-3.66296276324121,1.99426886349782,-3.72471513264926
1.99426886349782,-3.72471513264926,1.89410572803087,-3.79388831122033
1.44748814015634,0.338772981431371,1.49478509792615,0.271777101380284
1.49478509792615,0.271777101380284,1.60363794699139,0.238171096540436
1.86339546906227,-3.80159169741317,1.7774775596748,-3.8278396937095
1.7774775596748,-3.8278396937095,1.6555755396177,-3.82983277505329
-0.726781126704999,-2.86904989874094,-0.827966656229256,-2.80774428029667
-0.827966656229256,-2.80774428029667,-0.916457335795173,-2.76414742967005
-1.27744344285509,0.583770500443107,-1.40169383724339,0.663140596671114
-1.40169383724339,0.663140596671114,-1.46607448270506,0.809333425831247
1.99547609057728,0.173551487198967,2.06752599197477,0.0996780699433632
2.06752599197477,0.0996780699433632,2.16416801317659,0.0621080736644413
3.8370051792384,-1.71983781743301,3.93856366570769,-1.70152607064921
3.93856366570769,-1.70152607064921,4.06119661797409,-1.63451577660217
3.38731334909259,-5.10648697015568,3.46281561627703,-5.22776235945207
3.46281561627703,-5.22776235945207,3.41679630473899,-5.37668695438394
4.48289617503211,-4.92702231081378,4.57314933127916,-4.8867761388602
4.57314933127916,-4.8867761388602,4.62832585872622,-4.82662224803261
1.58858865138066,-3.88879565008774,1.57977284165684,-3.91088316104783
1.57977284165684,-3.91088316104783,1.37812391503995,-3.8905923089205
1.23147416313338,-3.82830730442535,1.06332823348497,-3.81624859325239
1.06332823348497,-3.81624859325239,1.0257322628651,-3.79023028227383
-1.22707077572654,-2.74725892557867,-1.27373455893037,-2.74450802061003
-1.27373455893037,-2.74450802061003,-1.38023929356488,-2.78152321594012
0.7581433646653,-3.68533595838248,0.642159578799198,-3.66538724972669
-0.87160381706421,-2.99168420575617,-0.952122859192198,-3.03202832731735
2.82380563774075,-2.54718229829866,2.83900519562337,-2.44667318354515
2.83900519562337,-2.44667318354515,2.85411023520047,-2.35117732317855
3.85267772859297,-4.95876904235117,3.91916008365225,-4.97297458991005
3.91916008365225,-4.97297458991005,4.03884845694857,-4.94171269502259
4.88074487806242,-4.75629776906601,5.00635347106078,-4.83083077490422
5.00635347106078,-4.83083077490422,5.10749872959984,-4.84563838355649
-1.9962230921533,-2.46269609927619,-2.04696538892376,-2.51927603490967
-2.04696538892376,-2.51927603490967,-2.10350580344523,-2.62878196087337
-2.17595797185616,-1.90196350119815,-2.27362588111629,-1.86808790838519
-2.27362588111629,-1.86808790838519,-2.38447432313111,-1.82205701997952
1.24215384654226,-3.8205370815504,1.13517338533066,-3.80223332325117
0.119423598841961,0.459155953879905,0.273866303265395,0.502162405647951
0.273866303265395,0.502162405647951,0.393073941859555,0.531585820574625
1.84201212057204,0.115964976708983,1.88211294760535,0.0393513441619626
1.88211294760535,0.0393513441619626,2.00745506382731,-0.00336027173414968
2.17743111616545,-0.21810516043943,2.29756724246959,-0.325759182864602
2.29756724246959,-0.325759182864602,2.32836397465521,-0.408537033367985
2.16332215758,-3.66444013873001,2.07229525429385,-3.74374248234394
2.07229525429385,-3.74374248234394,2.04504515665499,-3.7342154702265
2.48173089644961,-3.22725986279643,2.38337068658462,-3.32987487207667
2.38337068658462,-3.32987487207667,2.31892565338762,-3.43834749357104
-0.425979140329098,-3.06582311212794,-0.573018410563033,-2.96711804091526
-0.573018410563033,-2.96711804091526,-0.683624789288049,-2.91571280956514
-2.33262282767161,-2.74154423264829,-2.41429127313693,-2.7293493020363
-2.41429127313693,-2.7293493020363,-2.52973379364374,-2.76238221135287
1.47923843662396,-3.87301131791095,1.41241371403707,-3.87260228113786
1.41241371403707,-3.87260228113786,1.35587592826713,-3.85243818960393
-0.504924871284937,-2.99206514331078,-0.606375379869263,-2.94381527414841
-0.606375379869263,-2.94381527414841,-0.726781126704999,-2.86904989874094
0.423620463794205,-3.55197179963497,0.34176734554549,-3.48959906163203
-0.952122859192198,-3.03202832731735,-1.04999878390108,-3.08821267347064
-1.04999878390108,-3.08821267347064,-1.14954283036772,-3.14040079130965
1.04267039064197,-3.80197207029337,0.920988228560777,-3.7301751336409
0.920988228560777,-3.7301751336409,0.795304301395292,-3.72343069915553
-0.786350442830781,-2.85492529072393,-0.693954240129903,-2.9029548111889
-0.693954240129903,-2.9029548111889,-0.651818363844758,-2.96316995859298
-2.20600435599895,0.958998150853196,-2.24545611372591,0.883506719089639
-2.24545611372591,0.883506719089639,-2.23740094677438,0.75439896849313
0.580136806837694,-3.61880067535905,0.478021646530008,-3.59555084771624
0.478021646530008,-3.59555084771624,0.333413126894306,-3.48983900976426
3.02893861197021,-2.63920115309157,3.11663185299816,-2.75431569446229
3.11663185299816,-2.75431569446229,3.13707845567774,-2.83221817535461
2.81473495397934,-2.25871105267033,2.81605699240522,-2.36058260349971
2.81605699240522,-2.36058260349971,2.80565083495604,-2.47134145667969
-1.20456502247561,1.74068232545889,-1.21546783511514,1.85589494761172
-1.21546783511514,1.85589494761172,-1.28102562265288,1.96513339257086
-2.22726423738693,1.33025260959472,-2.27862949258932,1.43483005967817
-2.27862949258932,1.43483005967817,-2.32760322254942,1.48969160265811
-2.42836529013219,1.69902239907245,-2.54275611778855,1.71452400145322
-2.54275611778855,1.71452400145322,-2.60186902011449,1.75617458357801
2.24464614842468,-3.50166366046353,2.18025291587351,-3.59802828038875
2.18025291587351,-3.59802828038875,2.11281562871857,-3.66296276324121
0.795304301395292,-3.72343069915553,0.707274234567965,-3.67571614525946
0.707274234567965,-3.67571614525946,0.580136806837694,-3.61880067535905
-0.560527107839205,-2.99826085441526,-0.68027928663838,-2.92553851398361
-0.68027928663838,-2.92553851398361,-0.759384046665859,-2.91733590960746
-0.25196020479366,-3.17352624293991,-0.40382947861598,-3.06271954915131
-0.40382947861598,-3.06271954915131,-0.504924871284937,-2.99206514331078
-0.134802202019004,-3.26195559489847,-0.241427102856523,-3.19580340936268
-0.241427102856523,-3.19580340936268,-0.336052395505324,-3.11928943901761
2.33672153600126,-3.40919455690518,2.25124815067598,-3.46363503799854
2.25124815067598,-3.46363503799854,2.17697470781775,-3.5712466540957
-2.23740094677438,0.75439896849313,-2.26885091067388,0.83530064849974
-2.26885091067388,0.83530064849974,-2.27891765491536,0.963165394167337
4.52071973776021,0.150709728880277,4.58195875221004,0.037408791911907
4.58195875221004,0.037408791911907,4.60261290052223,-0.0606611755726476
3.23918708487318,-2.00691578767458,3.25564712658416,-1.91610541405811
3.25564712658416,-1.91610541405811,3.33148320942979,-1.84037452617622
4.83095535028721,-4.93135132962395,4.89855468075182,-4.84465656877854
4.89855468075182,-4.84465656877854,4.88074487806242,-4.75629776906601
2.39085771666832,-3.32887854657592,2.38356616500148,-3.44023846164039
2.38356616500148,-3.44023846164039,2.32055389644184,-3.49792267951182
0.918166458129265,-3.7403704238695,0.859971972908465,-3.72484299136455
0.859971972908465,-3.72484299136455,0.7581433646653,-3.68533595838248
-0.0205842885822048,-3.28071268862248,-0.148050090004911,-3.23831777692986
-0.148050090004911,-3.23831777692986,-0.25196020479366,-3.17352624293991
0.116894903562682,-3.40725366578353,-0.0199852065556146,-3.32930055987286
-0.0199852065556146,-3.32930055987286,-0.134802202019004,-3.26195559489847
0.642159578799198,-3.66538724972669,0.51517558205634,-3.60161563102421
0.51517558205634,-3.60161563102421,0.423620463794205,-3.55197179963497
0.724519496689121,0.520067905106862,0.810958611119183,0.49578698463456
0.810958611119183,0.49578698463456,0.93144418948016,0.494178779517608
1.25523127306521,0.425018690876721,1.34662395535965,0.392748319346229
1.34662395535965,0.392748319346229,1.44748814015634,0.338772981431371
-1.27744344285509,0.583770500443107,-1.33010165553853,0.694991129534679
-1.33010165553853,0.694991129534679,-1.40749833394003,0.79086467189032
2.62498227280509,-5.0592141420991,2.61315143973441,-5.17131864247273
2.61315143973441,-5.17131864247273,2.57338367005103,-5.26963944449367
2.60330853864768,-0.873613302841923,2.63036907999687,-0.961110940906616
2.63036907999687,-0.961110940906616,2.69858952126438,-1.04697288842127
0.333413126894306,-3.48983900976426,0.221580594146847,-3.44825008840049
0.221580594146847,-3.44825008840049,0.116894903562682,-3.40725366578353
1.13517338533066,-3.80223332325117,1.04254011044257,-3.77041247205655
1.04254011044257,-3.77041247205655,0.918166458129265,-3.7403704238695
0.34176734554549,-3.48959906163203,0.256809903743917,-3.46408259250654
0.256809903743917,-3.46408259250654,0.157994978428886,-3.42131402640044
0.157994978428886,-3.42131402640044,0.0434301796814713,-3.34417470899267
0.0434301796814713,-3.34417470899267,-0.0205842885822048,-3.28071268862248
