2.39585638654273
3.03039028667058
3.12034305004949
2.93200189403866
3.01793495500036
3.69046935163801
3.72577936387792
3.66938733722287
4.16940214479646
4.31661660950783
4.77763315341423
4.51909427382502
4.76987005865403
5.24967145985834
5.80178580472642
6.35303394755743
6.56095692602883
6.44970164984315
7.08768875499697
8.00626081791319
8.07994047710584
8.41586123206785
8.21425340398906
9.22460757452503
9.44410665304834
9.817185359338
9.91508079445456
10.0335082224055
10.9688396020541
12.059858629643
