1.49064053159577
2.16690384825389
2.91454077016921
2.26206850256214
2.91207142543327
3.05470366567916
2.76081883959777
2.31872654423545
4.40208118972029
4.88434848634033
3.70428652129439
4.45705861769123
4.65748607828519
2.96438191325156
4.49315169424804
4.60980515763291
4.86335174915961
4.49998482596223
4.04536175550549
4.88286068523004
5.15866758913344
5.97769621886456
6.41513669497374
3.27023516978859
3.05451887355731
4.54987929075213
3.93768100561482
5.34261505248621
5.26252095151789
6.36089664564479
