1.17202617710257
1.34957482313789
1.95871804240773
3.05115329934092
3.85514719056971
3.57718998743192
3.73263607083435
3.8586610509788
4.37086343610911
4.80081040052917
5.74509440811538
7.01735655730414
7.24505911739531
10.0425191468973
9.97817116338011
10.7742460076918
10.8418187959963
10.813603943449
11.1796829368892
12.4573984783612
12.79983220025
12.5661583030843
13.2568871408659
12.9934358968126
13.6679919660516
12.7859923503831
13.1139821377896
13.9831533518158
13.0809218683934
14.2126361390663
