2.45245651824286,0,1.77618304990074,1.77618304990074,1.93776464093241,1.77618304990074,1.93776464093241,0,0,0,0,0,0,0,0,0,0,0,0,0,0,0,0,0,0,0,0,0,0,0
0,2.22507024963893,0,0,0,0,0,1.61880528804934,1.61880528804934,1.43073889858369,1.43073889858369,1.43073889858369,1.43073889858369,1.43073889858369,1.43073889858369,1.43073889858369,1.43073889858369,1.43073889858368,1.43073889858369,1.43073889858368,1.43073889858369,1.43073889858369,1.43073889858369,1.43073889858368,1.43073889858368,1.43073889858368,1.43073889858368,1.43073889858369,1.43073889858369,1.43073889858369
1.77618304990074,0,2.82223347367074,2.53448706845117,1.77618304990074,2.28294964005213,1.77618304990074,0,0,0,0,0,0,0,0,0,0,0,0,0,0,0,0,0,0,0,0,0,0,0
1.77618304990074,0,2.53448706845117,3.6544654080593,1.77618304990074,2.28294964005213,1.77618304990074,0,0,0,0,0,0,0,0,0,0,0,0,0,0,0,0,0,0,0,0,0,0,0
1.93776464093241,0,1.77618304990074,1.77618304990074,4.30346944718801,1.77618304990074,3.50365180774179,0,0,0,0,0,0,0,0,0,0,0,0,0,0,0,0,0,0,0,0,0,0,0
1.77618304990074,0,2.28294964005213,2.28294964005213,1.77618304990074,4.60283594676158,1.77618304990074,0,0,0,0,0,0,0,0,0,0,0,0,0,0,0,0,0,0,0,0,0,0,0
1.93776464093241,0,1.77618304990074,1.77618304990074,3.50365180774179,1.77618304990074,5.04524327012146,0,0,0,0,0,0,0,0,0,0,0,0,0,0,0,0,0,0,0,0,0,0,0
0,1.61880528804934,0,0,0,0,0,4.62780637276918,4.5980851284045,1.43073889858369,1.43073889858368,1.43073889858369,1.43073889858369,1.43073889858369,1.43073889858368,1.43073889858368,1.43073889858368,1.43073889858368,1.43073889858368,1.43073889858368,1.43073889858368,1.43073889858369,1.43073889858368,1.43073889858368,1.43073889858368,1.43073889858368,1.43073889858368,1.43073889858368,1.43073889858369,1.43073889858369
0,1.61880528804934,0,0,0,0,0,4.5980851284045,4.75186157128724,1.43073889858368,1.43073889858369,1.43073889858369,1.43073889858369,1.43073889858368,1.43073889858368,1.43073889858368,1.43073889858368,1.43073889858368,1.43073889858368,1.43073889858368,1.43073889858369,1.43073889858369,1.43073889858368,1.43073889858368,1.43073889858368,1.43073889858368,1.43073889858368,1.43073889858368,1.43073889858369,1.43073889858369
0,1.43073889858369,0,0,0,0,0,1.43073889858369,1.43073889858368,4.98046609011528,4.81716542537731,3.97301988156772,3.97301988156772,3.32978750237139,4.71967739703949,4.71967739703949,3.7944143712737,3.32978750237139,3.32978750237139,3.7944143712737,3.79441437127371,3.7944143712737,3.7944143712737,3.7944143712737,3.7944143712737,3.7944143712737,3.7944143712737,3.7944143712737,3.7944143712737,3.7944143712737
0,1.43073889858369,0,0,0,0,0,1.43073889858368,1.43073889858369,4.81716542537731,5.10736648395174,3.97301988156772,3.97301988156772,3.32978750237139,4.71967739703949,4.71967739703949,3.7944143712737,3.32978750237139,3.32978750237139,3.7944143712737,3.7944143712737,3.7944143712737,3.7944143712737,3.7944143712737,3.7944143712737,3.7944143712737,3.7944143712737,3.7944143712737,3.7944143712737,3.7944143712737
0,1.43073889858369,0,0,0,0,0,1.43073889858369,1.43073889858369,3.97301988156772,3.97301988156772,5.45399382848436,5.30225638481421,3.32978750237139,3.97301988156772,3.97301988156772,3.7944143712737,3.32978750237139,3.32978750237139,3.7944143712737,3.79441437127371,3.7944143712737,3.7944143712737,3.7944143712737,3.7944143712737,3.7944143712737,3.7944143712737,3.7944143712737,3.79441437127371,3.7944143712737
0,1.43073889858369,0,0,0,0,0,1.43073889858369,1.43073889858369,3.97301988156772,3.97301988156772,5.30225638481421,6.1381749231009,3.32978750237139,3.97301988156772,3.97301988156772,3.7944143712737,3.32978750237139,3.32978750237139,3.7944143712737,3.7944143712737,3.7944143712737,3.7944143712737,3.7944143712737,3.7944143712737,3.7944143712737,3.7944143712737,3.7944143712737,3.79441437127371,3.7944143712737
0,1.43073889858369,0,0,0,0,0,1.43073889858369,1.43073889858368,3.32978750237139,3.32978750237139,3.32978750237139,3.32978750237139,7.14780452068396,3.32978750237139,3.32978750237139,3.32978750237139,5.06858481710253,5.06858481710253,3.32978750237139,3.32978750237139,3.32978750237139,3.32978750237139,3.32978750237139,3.32978750237139,3.32978750237139,3.32978750237139,3.32978750237139,3.32978750237139,3.32978750237139
0,1.43073889858369,0,0,0,0,0,1.43073889858368,1.43073889858368,4.71967739703949,4.71967739703949,3.97301988156772,3.97301988156772,3.32978750237139,7.28310937294798,6.32145720647648,3.7944143712737,3.32978750237139,3.32978750237139,3.7944143712737,3.79441437127371,3.7944143712737,3.7944143712737,3.7944143712737,3.7944143712737,3.7944143712737,3.7944143712737,3.7944143712737,3.79441437127371,3.7944143712737
0,1.43073889858369,0,0,0,0,0,1.43073889858368,1.43073889858368,4.71967739703949,4.71967739703949,3.97301988156772,3.97301988156772,3.32978750237139,6.32145720647648,7.55686620099963,3.7944143712737,3.32978750237139,3.32978750237139,3.7944143712737,3.7944143712737,3.7944143712737,3.7944143712737,3.7944143712737,3.7944143712737,3.7944143712737,3.7944143712737,3.7944143712737,3.79441437127371,3.7944143712737
0,1.43073889858369,0,0,0,0,0,1.43073889858368,1.43073889858368,3.7944143712737,3.7944143712737,3.7944143712737,3.7944143712737,3.32978750237139,3.7944143712737,3.7944143712737,8.23396926740057,3.32978750237139,3.32978750237139,6.6381589568208,7.18030113047114,7.62750013192284,6.6381589568208,6.6381589568208,7.18030113047114,6.6381589568208,6.6381589568208,6.6381589568208,7.18030113047114,6.6381589568208
0,1.43073889858368,0,0,0,0,0,1.43073889858368,1.43073889858368,3.32978750237139,3.32978750237139,3.32978750237139,3.32978750237139,5.06858481710253,3.32978750237139,3.32978750237139,3.32978750237139,8.31596820989309,7.76638336871286,3.32978750237139,3.32978750237139,3.32978750237139,3.32978750237139,3.32978750237139,3.32978750237139,3.32978750237139,3.32978750237139,3.32978750237139,3.32978750237139,3.32978750237139
0,1.43073889858369,0,0,0,0,0,1.43073889858368,1.43073889858368,3.32978750237139,3.32978750237139,3.32978750237139,3.32978750237139,5.06858481710253,3.32978750237139,3.32978750237139,3.32978750237139,7.76638336871286,8.46902151813191,3.32978750237139,3.32978750237139,3.32978750237139,3.32978750237139,3.32978750237139,3.32978750237139,3.32978750237139,3.32978750237139,3.32978750237139,3.32978750237139,3.32978750237139
0,1.43073889858368,0,0,0,0,0,1.43073889858368,1.43073889858368,3.7944143712737,3.7944143712737,3.7944143712737,3.7944143712737,3.32978750237139,3.7944143712737,3.7944143712737,6.6381589568208,3.32978750237139,3.32978750237139,9.06488065639667,6.6381589568208,6.6381589568208,8.43756385117347,8.43756385117347,6.6381589568208,8.43756385117347,8.88888758894611,8.88888758894611,6.6381589568208,8.88888758894612
0,1.43073889858369,0,0,0,0,0,1.43073889858368,1.43073889858369,3.79441437127371,3.7944143712737,3.79441437127371,3.7944143712737,3.32978750237139,3.79441437127371,3.7944143712737,7.18030113047114,3.32978750237139,3.32978750237139,6.6381589568208,9.19459355249313,7.18030113047114,6.6381589568208,6.6381589568208,8.45017688386386,6.6381589568208,6.6381589568208,6.6381589568208,9.10210864523357,6.6381589568208
0,1.43073889858369,0,0,0,0,0,1.43073889858369,1.43073889858369,3.7944143712737,3.7944143712737,3.7944143712737,3.7944143712737,3.32978750237139,3.7944143712737,3.7944143712737,7.62750013192284,3.32978750237139,3.32978750237139,6.6381589568208,7.18030113047114,9.63047120076911,6.6381589568208,6.6381589568208,7.18030113047114,6.6381589568208,6.6381589568208,6.6381589568208,7.18030113047114,6.6381589568208
0,1.43073889858369,0,0,0,0,0,1.43073889858368,1.43073889858368,3.7944143712737,3.7944143712737,3.7944143712737,3.7944143712737,3.32978750237139,3.7944143712737,3.7944143712737,6.6381589568208,3.32978750237139,3.32978750237139,8.43756385117347,6.6381589568208,6.6381589568208,9.65044346523968,8.96535092163689,6.6381589568208,8.67786728330329,8.43756385117347,8.43756385117347,6.6381589568208,8.43756385117347
0,1.43073889858368,0,0,0,0,0,1.43073889858368,1.43073889858368,3.7944143712737,3.7944143712737,3.7944143712737,3.7944143712737,3.32978750237139,3.7944143712737,3.7944143712737,6.6381589568208,3.32978750237139,3.32978750237139,8.43756385117347,6.6381589568208,6.6381589568208,8.96535092163689,9.48036609687983,6.6381589568208,8.67786728330329,8.43756385117347,8.43756385117347,6.6381589568208,8.43756385117347
0,1.43073889858368,0,0,0,0,0,1.43073889858368,1.43073889858368,3.7944143712737,3.7944143712737,3.7944143712737,3.7944143712737,3.32978750237139,3.7944143712737,3.7944143712737,7.18030113047114,3.32978750237139,3.32978750237139,6.6381589568208,8.45017688386386,7.18030113047114,6.6381589568208,6.6381589568208,9.71963163583818,6.6381589568208,6.6381589568208,6.6381589568208,8.45017688386386,6.6381589568208
0,1.43073889858368,0,0,0,0,0,1.43073889858368,1.43073889858368,3.7944143712737,3.7944143712737,3.7944143712737,3.7944143712737,3.32978750237139,3.7944143712737,3.7944143712737,6.6381589568208,3.32978750237139,3.32978750237139,8.43756385117347,6.6381589568208,6.6381589568208,8.67786728330329,8.67786728330329,6.6381589568208,10.1373662115516,8.43756385117347,8.43756385117347,6.6381589568208,8.43756385117347
0,1.43073889858368,0,0,0,0,0,1.43073889858368,1.43073889858368,3.7944143712737,3.7944143712737,3.7944143712737,3.7944143712737,3.32978750237139,3.7944143712737,3.7944143712737,6.6381589568208,3.32978750237139,3.32978750237139,8.88888758894611,6.6381589568208,6.6381589568208,8.43756385117347,8.43756385117347,6.6381589568208,8.43756385117347,10.1760364279379,9.99112605662269,6.6381589568208,9.99112605662269
0,1.43073889858369,0,0,0,0,0,1.43073889858368,1.43073889858368,3.7944143712737,3.7944143712737,3.7944143712737,3.7944143712737,3.32978750237139,3.7944143712737,3.7944143712737,6.6381589568208,3.32978750237139,3.32978750237139,8.88888758894611,6.6381589568208,6.6381589568208,8.43756385117347,8.43756385117347,6.6381589568208,8.43756385117347,9.99112605662269,12.086628042919,6.6381589568208,11.887731387494
0,1.43073889858369,0,0,0,0,0,1.43073889858369,1.43073889858369,3.7944143712737,3.7944143712737,3.79441437127371,3.79441437127371,3.32978750237139,3.79441437127371,3.79441437127371,7.18030113047114,3.32978750237139,3.32978750237139,6.6381589568208,9.10210864523357,7.18030113047114,6.6381589568208,6.6381589568208,8.45017688386386,6.6381589568208,6.6381589568208,6.6381589568208,12.2879559894524,6.6381589568208
0,1.43073889858369,0,0,0,0,0,1.43073889858369,1.43073889858369,3.7944143712737,3.7944143712737,3.7944143712737,3.7944143712737,3.32978750237139,3.7944143712737,3.7944143712737,6.6381589568208,3.32978750237139,3.32978750237139,8.88888758894612,6.6381589568208,6.6381589568208,8.43756385117347,8.43756385117347,6.6381589568208,8.43756385117347,9.99112605662269,11.887731387494,6.6381589568208,13.8854825167453
