1.46100941243153
1.95243685610147
2.04232910842961
3.18568659432593
3.49771933957383
3.74573136708299
3.95827726210357
3.13270354639687
4.34272686564925
4.00066194085187
4.90754226894597
5.08567050422121
4.71396323071919
4.19700319038337
5.6265434193747
4.10647873322296
3.98673275810917
4.22850248923102
4.2565380937439
4.29859753860554
4.58587264471775
2.33194281939359
5.75397364068447
2.68469588342451
2.91152001444254
5.60520886693379
6.4995239714688
5.27954840237564
4.68330939261954
7.72618488488204
