-0.423098065559677,0.549929493313777,-0.423098065559677,0.549929493313777
0.94054244521317,-3.16955586723796,0.884759234747156,-3.16979219691659
4.29914983718467,-0.247336322527272,4.41730772542655,-0.259046958802346
1.59658428268686,-3.056401962833,1.65795749923725,-2.99018001383995
0.861528318922099,-3.23570874296009,0.891323588845683,-3.21388955108927
0.898089305457173,-3.41402854044381,0.888084740835375,-3.49962803704765
-2.06946698491313,1.29460672358211,-2.21547895821603,1.32412611737242
-0.74321449171447,4.17126092282076,-0.833113878225076,4.27315262760398
-0.423098065559677,0.549929493313777,-0.336948982213862,0.587096050268964
-0.336948982213862,0.587096050268964,-0.302189942308691,0.595417866239559
-0.302189942308691,0.595417866239559,-0.265404191376362,0.557196188653431
-0.265404191376362,0.557196188653431,-0.152509137876576,0.625936819910858
-0.152509137876576,0.625936819910858,-0.0193924312957673,0.655645264173432
-0.0193924312957673,0.655645264173432,-0.146559944732556,0.599796372901442
0.434229956647944,0.788510773919279,0.353046989968073,0.733529073455928
0.353046989968073,0.733529073455928,0.291833404838822,0.675481627812768
0.748151957619208,-3.0251550282182,0.763115843470343,-3.10085294111396
0.763115843470343,-3.10085294111396,0.744731215343216,-3.10777527804937
0.744731215343216,-3.10777527804937,0.81621210509659,-3.14378529906617
0.81621210509659,-3.14378529906617,0.94054244521317,-3.16955586723796
0.945369327053574,0.751316646929647,0.935066111376176,0.761854821233483
1.2330153095182,0.713397563671633,1.25661782980737,0.702693869199244
1.45535834543663,0.650798132910382,1.51479032666759,0.627859887887841
1.51479032666759,0.627859887887841,1.55577155824241,0.580715335842133
1.55577155824241,0.580715335842133,1.6334014175743,0.600684074745895
1.6334014175743,0.600684074745895,1.66278798878658,0.569654025540999
1.66278798878658,0.569654025540999,1.68779743848969,0.56522769873254
1.68779743848969,0.56522769873254,1.76082739058901,0.531864973216318
1.76082739058901,0.531864973216318,1.90854089433083,0.434765808775901
1.90854089433083,0.434765808775901,1.93056560500506,0.476689865067012
1.93056560500506,0.476689865067012,1.90950422675101,0.518737578514753
1.90950422675101,0.518737578514753,1.92850854565557,0.543648637833344
1.92850854565557,0.543648637833344,1.98164823504619,0.53516962438373
1.98164823504619,0.53516962438373,2.11194615151033,0.53785965158974
2.11194615151033,0.53785965158974,2.14380293015319,0.575504509264732
2.14380293015319,0.575504509264732,2.20157420239838,0.585375234578199
2.20157420239838,0.585375234578199,2.34453118264271,0.61969210605477
2.34453118264271,0.61969210605477,2.40905169803389,0.552119461864247
2.40905169803389,0.552119461864247,2.58134495803312,0.60347945984391
2.58134495803312,0.60347945984391,2.63281385906352,0.610065145581544
2.63281385906352,0.610065145581544,2.71034890243762,0.605919414855227
2.71034890243762,0.605919414855227,2.82168175989945,0.516371753196197
2.82168175989945,0.516371753196197,2.88571802551348,0.529044225889409
0.94054244521317,-3.16955586723796,1.02630686782762,-3.19509031834563
1.21761054190375,-3.18599167364855,1.22670721558281,-3.16420567748179
1.22670721558281,-3.16420567748179,1.37504006066789,-3.11367498791048
0.599527765987781,-2.98792233218792,0.507870086480266,-2.92167899307648
-0.423098065559677,0.549929493313777,-0.491520632287887,0.545257845871601
-0.491520632287887,0.545257845871601,-0.55905856494426,0.510171636674613
-0.55905856494426,0.510171636674613,-0.599305976616396,0.495598783511712
-0.599305976616396,0.495598783511712,-0.562746264502598,0.500615754777268
-0.562746264502598,0.500615754777268,-0.58489938975085,0.542189526038146
-0.58489938975085,0.542189526038146,-0.705860399987342,0.525949091018037
-0.705860399987342,0.525949091018037,-0.782329707870335,0.506333678575946
-0.782329707870335,0.506333678575946,-0.812931753818044,0.697477725238316
-0.812931753818044,0.697477725238316,-0.883073868005883,0.601767224720163
0.884759234747156,-3.16979219691659,0.836793815952022,-3.16250534228548
0.836793815952022,-3.16250534228548,0.882436341800038,-3.17554409666106
0.882436341800038,-3.17554409666106,0.872928848548199,-3.19090820279834
1.37504006066789,-3.11367498791048,1.4717854295938,-3.07858691243038
1.4717854295938,-3.07858691243038,1.42657046796181,-3.13864261221124
1.42657046796181,-3.13864261221124,1.48720686461918,-3.14051443462178
1.48720686461918,-3.14051443462178,1.44480648584724,-3.15392176702959
1.44480648584724,-3.15392176702959,1.45042334376551,-3.18607801608021
1.45042334376551,-3.18607801608021,1.54295006490483,-3.19222913789204
1.54295006490483,-3.19222913789204,1.46100130573901,-3.21661765701503
1.46100130573901,-3.21661765701503,1.46070987243472,-3.22356122293649
1.46070987243472,-3.22356122293649,1.4257509513728,-3.29003822559256
1.4257509513728,-3.29003822559256,1.48357086770301,-3.29159011447544
1.48357086770301,-3.29159011447544,1.54586255839345,-3.30806139608891
1.54586255839345,-3.30806139608891,1.60654329255744,-3.40243238610196
1.60654329255744,-3.40243238610196,1.58570887409689,-3.42903236952586
1.58570887409689,-3.42903236952586,1.51335274109537,-3.53145588910515
1.61217260328122,-3.05656939320118,1.59658428268686,-3.056401962833
2.21334003202988,0.796672915524094,2.25457393989295,0.866126047076987
2.25457393989295,0.866126047076987,2.24590540879682,0.92652883941619
2.24590540879682,0.92652883941619,2.26660271656054,1.03722275749558
2.26660271656054,1.03722275749558,2.3294444370262,1.17605943816345
2.3294444370262,1.17605943816345,2.35461034479829,1.2542024695372
-0.883073868005883,0.601767224720163,-0.848382200538804,0.709682650010098
-0.848382200538804,0.709682650010098,-0.912882833428166,0.846208510793321
-0.912882833428166,0.846208510793321,-0.867039737309619,0.963981057791965
-0.867039737309619,0.963981057791965,-0.875362926560837,1.00996491035584
-0.875362926560837,1.00996491035584,-0.909320969998526,1.06502192911134
-0.909320969998526,1.06502192911134,-0.88923713655878,1.25177874309056
-0.88923713655878,1.25177874309056,-0.939082064483526,1.32525761722127
-0.939082064483526,1.32525761722127,-0.95505027902005,1.39680282756586
-0.95505027902005,1.39680282756586,-0.9563664015251,1.54132022921624
-0.9563664015251,1.54132022921624,-1.07045513326602,1.56909373267591
-0.883073868005883,0.601767224720163,-0.917500860127453,0.691335040665449
-0.917500860127453,0.691335040665449,-1.07213325934453,0.64624311803302
-1.07213325934453,0.64624311803302,-1.1567334164199,0.684784965412073
-1.1567334164199,0.684784965412073,-1.26355752292856,0.681349045631593
-1.26355752292856,0.681349045631593,-1.33848701052082,0.730858277169053
-1.50063291688246,0.694039955403945,-1.64009393175392,0.690884779818223
-1.64009393175392,0.690884779818223,-1.67617201034782,0.814772460409475
0.872928848548199,-3.19090820279834,0.938078732397699,-3.25042284903185
0.938078732397699,-3.25042284903185,0.870995818042351,-3.20619715255031
0.870995818042351,-3.20619715255031,0.882071254151191,-3.25680226241949
0.882071254151191,-3.25680226241949,0.852400426127416,-3.22903350478493
0.852400426127416,-3.22903350478493,0.861528318922099,-3.23570874296009
-1.67617201034782,0.814772460409475,-1.70953897563255,0.90639109728747
-1.70953897563255,0.90639109728747,-1.76049883623275,0.941948871721278
-2.07647258711059,1.09729041056373,-2.04222039720762,1.12680681942238
-2.04222039720762,1.12680681942238,-2.06946698491313,1.29460672358211
1.51335274109537,-3.53145588910515,1.60231258945443,-3.66989842430683
1.60231258945443,-3.66989842430683,1.48351746786176,-3.70957089574315
1.48351746786176,-3.70957089574315,1.53379348645281,-3.85871181573164
1.53379348645281,-3.85871181573164,1.47003858889427,-3.89115747346856
1.47003858889427,-3.89115747346856,1.52323209002286,-4.00372929879136
1.52323209002286,-4.00372929879136,1.58259512639164,-4.11410528043095
1.58259512639164,-4.11410528043095,1.51348636416531,-4.25453377239714
1.51348636416531,-4.25453377239714,1.49822184605711,-4.331564076997
1.49822184605711,-4.331564076997,1.48649755612902,-4.49706566503487
1.48649755612902,-4.49706566503487,1.47991013384372,-4.60230937660206
1.47991013384372,-4.60230937660206,1.50725526278419,-4.65945282713155
1.50725526278419,-4.65945282713155,1.43415241377268,-4.6989888190001
1.37851752303983,-4.93308441079861,1.48263459979842,-4.9457387663962
1.48263459979842,-4.9457387663962,1.42418282249783,-5.10503671274057
-1.01687973619805,-1.83846012064333,-1.08515705399302,-1.79967529186097
-1.08515705399302,-1.79967529186097,-1.13488818528206,-1.76906724338565
-1.13488818528206,-1.76906724338565,-1.21347799643584,-1.68323482910872
-1.21347799643584,-1.68323482910872,-1.1859948163178,-1.63850101012805
-1.1859948163178,-1.63850101012805,-1.24012853610854,-1.62319290846068
-1.24012853610854,-1.62319290846068,-1.26763337555203,-1.61287186031008
-1.26763337555203,-1.61287186031008,-1.29877796729255,-1.60571521629523
2.35461034479829,1.2542024695372,2.37553656743831,1.28658542129281
2.37553656743831,1.28658542129281,2.45788063216946,1.39947965448483
2.45788063216946,1.39947965448483,2.57167843617024,1.48358622002231
2.57167843617024,1.48358622002231,2.65687958713213,1.49762073135296
2.65687958713213,1.49762073135296,2.58708332329262,1.63379093105017
2.71790784478189,1.74646013525516,2.83644790383835,1.89849373926981
2.83644790383835,1.89849373926981,2.97900257182686,1.86534062078444
-1.07045513326602,1.56909373267591,-1.05381473996059,1.73023478608319
-1.05381473996059,1.73023478608319,-1.00399347744888,1.78739948231364
-1.00399347744888,1.78739948231364,-0.978423354979718,1.95378186828843
-0.978423354979718,1.95378186828843,-0.966401692591325,2.00144349696051
-0.966401692591325,2.00144349696051,-0.958505458870682,2.17656723233414
-0.958505458870682,2.17656723233414,-0.930535564616226,2.27161913373883
-0.930535564616226,2.27161913373883,-0.949082004862641,2.29585724423232
-0.933279916502969,2.54995060666895,-0.945231302652024,2.60164221725403
-0.945231302652024,2.60164221725403,-0.777373016486044,2.67421603376308
-0.777373016486044,2.67421603376308,-0.849631323532453,2.76697508833276
-0.849631323532453,2.76697508833276,-0.793173654010096,2.82070530263168
-0.793173654010096,2.82070530263168,-0.770198510911678,2.96604812430725
-0.770198510911678,2.96604812430725,-0.77052181173162,3.0222777081226
-0.857809959289006,3.20504058924369,-0.766010563688549,3.29554093507896
-0.766010563688549,3.29554093507896,-0.72639270762069,3.42443398596443
-0.72639270762069,3.42443398596443,-0.733442758408311,3.48819976765044
-0.733442758408311,3.48819976765044,-0.78017187084422,3.53105969765431
-0.78017187084422,3.53105969765431,-0.83042830863724,3.65264684955941
-0.83042830863724,3.65264684955941,-0.778770451024274,3.76847904021775
-0.778770451024274,3.76847904021775,-0.784097584751261,3.89732706663074
-0.784097584751261,3.89732706663074,-0.766518582352323,3.96489873582066
-0.766518582352323,3.96489873582066,-0.754705120321089,4.05836528960342
-0.754705120321089,4.05836528960342,-0.74321449171447,4.17126092282076
2.88571802551348,0.529044225889409,2.98919097720086,0.362146355673459
2.98919097720086,0.362146355673459,3.04099656337649,0.43959994920092
3.2298293121635,0.354446307858535,3.215947395518,0.336673353537918
3.215947395518,0.336673353537918,3.35775536086145,0.263082597717197
3.35775536086145,0.263082597717197,3.42929555442168,0.249516350665057
3.42929555442168,0.249516350665057,3.54333841001339,0.217212229055358
3.54333841001339,0.217212229055358,3.59329396267545,0.123192737003997
3.59329396267545,0.123192737003997,3.67627549312739,0.0736332314685164
3.67627549312739,0.0736332314685164,3.8194486075468,-0.0186063730962389
3.8194486075468,-0.0186063730962389,3.95393433236473,0.0377355298352458
3.95393433236473,0.0377355298352458,3.87486420956888,-0.0481387417613889
4.09232308938315,-0.186202596893886,4.05812633910626,-0.114397554007132
4.05812633910626,-0.114397554007132,4.21002152310275,-0.184744376017738
4.21002152310275,-0.184744376017738,4.29914983718467,-0.247336322527272
2.35461034479829,1.2542024695372,2.33731940313156,1.33217003316799
2.33731940313156,1.33217003316799,2.28206382140452,1.45726751092654
2.28206382140452,1.45726751092654,2.33946890434354,1.56134812270011
2.33946890434354,1.56134812270011,2.30188141045397,1.64542678440484
2.30188141045397,1.64542678440484,2.29832683516713,1.73891668798544
0.861528318922099,-3.23570874296009,0.929202061045439,-3.26180664858301
0.929202061045439,-3.26180664858301,0.87127715760648,-3.31819503991368
0.87127715760648,-3.31819503991368,0.888758975774613,-3.2789244879295
0.888758975774613,-3.2789244879295,0.898089305457173,-3.41402854044381
-1.67617201034782,0.814772460409475,-1.76951884021338,0.715305725336154
-1.76951884021338,0.715305725336154,-1.76812754639207,0.647830013114168
-2.00864895428881,0.659782920244217,-2.08159223154865,0.613134588623391
-2.08159223154865,0.613134588623391,-2.13560765617297,0.648119227890725
-2.13560765617297,0.648119227890725,-2.22408901123994,0.583883781363819
-2.22408901123994,0.583883781363819,-2.37133548512151,0.547009427580872
-2.37133548512151,0.547009427580872,-2.40059376069339,0.582209914519576
-2.40059376069339,0.582209914519576,-2.53797973483343,0.52232714550091
-2.53797973483343,0.52232714550091,-2.52052821859424,0.502072086544191
-2.52052821859424,0.502072086544191,-2.67338436936134,0.488533325387265
-2.67338436936134,0.488533325387265,-2.85711069254445,0.451658141232472
-2.85711069254445,0.451658141232472,-2.97620734057804,0.430059172081285
1.59658428268686,-3.056401962833,1.70913205285903,-2.98540820373364
1.70913205285903,-2.98540820373364,1.87068828636413,-2.92211785073457
1.87068828636413,-2.92211785073457,1.85300336054135,-2.91389803988845
1.85300336054135,-2.91389803988845,1.87069954669889,-2.89781297595378
1.87069954669889,-2.89781297595378,1.94627755737342,-2.88584215963977
1.94627755737342,-2.88584215963977,2.01224600546722,-2.83397742494455
2.01224600546722,-2.83397742494455,2.04799070553169,-2.79888541452655
2.04799070553169,-2.79888541452655,2.15663279044055,-2.82715189044957
2.88571802551348,0.529044225889409,2.97212245586335,0.562821596206668
2.97212245586335,0.562821596206668,3.09759141593286,0.668566823119816
3.09759141593286,0.668566823119816,3.2579867566211,0.614019866727341
3.2579867566211,0.614019866727341,3.37388117946953,0.750510339384932
3.37388117946953,0.750510339384932,3.42196737276589,0.716901758897173
3.42196737276589,0.716901758897173,3.53348433020864,0.763196836220799
3.53348433020864,0.763196836220799,3.52198091848559,0.848521456902428
0.317019346681389,-2.80773962135827,0.249489327289696,-2.75649477385593
0.249489327289696,-2.75649477385593,0.190429122048445,-2.68691292176603
-0.274578401438179,-2.36673151215852,-0.266092340640349,-2.39887901386847
-0.266092340640349,-2.39887901386847,-0.309478228892616,-2.32368337460652
-0.5468246162582,-2.16501186308675,-0.63913870745209,-2.10008540117789
-0.86201282908212,-1.96057451763039,-0.814275117471032,-1.97952537294521
-1.08292587080842,-1.87279084703325,-1.12202846895372,-1.86859089203051
2.97900257182686,1.86534062078444,2.98493577402629,2.03918369089869
2.98493577402629,2.03918369089869,2.99421964486135,2.10529834425576
2.99421964486135,2.10529834425576,3.03220978906503,2.2247837268439
3.03220978906503,2.2247837268439,3.09909331709248,2.31472240550779
3.09909331709248,2.31472240550779,3.14824260596151,2.35293303543988
2.97900257182686,1.86534062078444,3.06330007549188,1.86756408678876
3.06330007549188,1.86756408678876,3.16026388913561,1.96914452119556
3.16026388913561,1.96914452119556,3.14337708604911,2.00212872355663
3.34934020948399,2.05276542793045,3.36766854639783,2.11335615597691
3.51679640936589,2.2047987223767,3.6475953656769,2.20666694416385
3.6475953656769,2.20666694416385,3.72878504965765,2.22627857841374
3.72878504965765,2.22627857841374,3.83155823542173,2.35081316240872
3.83155823542173,2.35081316240872,3.90238476402427,2.44773836682883
3.90238476402427,2.44773836682883,3.90380478744253,2.42058740999815
2.29832683516713,1.73891668798544,2.39101139905014,1.87225330117898
2.39101139905014,1.87225330117898,2.40925872436635,1.9795502968728
2.40925872436635,1.9795502968728,2.41667411021283,2.02171100012178
2.41667411021283,2.02171100012178,2.41312290493066,2.07992006744444
2.48185670315331,2.31678064659177,2.51460975673025,2.37244346158174
2.51460975673025,2.37244346158174,2.52250508747649,2.45455162521226
2.52250508747649,2.45455162521226,2.58056979666577,2.55441015581943
2.58056979666577,2.55441015581943,2.60219983075993,2.69685574601816
2.60219983075993,2.69685574601816,2.6199210864683,2.71780464764815
2.6454306994843,2.95917273833502,2.71844520809596,2.92667036044358
2.71844520809596,2.92667036044358,2.66828681567985,3.02309367618102
2.66828681567985,3.02309367618102,2.81312457568128,3.05724025514466
2.81312457568128,3.05724025514466,2.84585444960875,3.18218807363263
2.30455458070763,1.99989803374585,2.24021359486025,1.99371452565788
2.24021359486025,1.99371452565788,2.22796105848311,2.13310128083711
2.22796105848311,2.13310128083711,2.23197802966299,2.21257871614602
3.71468252487718,0.89590517177393,3.76282796682684,0.947042855478937
3.76282796682684,0.947042855478937,3.85598470176122,1.01488678412986
4.05613030092295,1.08669229927547,4.01457127195205,1.17690099853719
4.01457127195205,1.17690099853719,4.15615078129638,1.23806130122668
4.15615078129638,1.23806130122668,4.2200904622181,1.22448233705365
4.2200904622181,1.22448233705365,4.37676826807795,1.28283002065243
4.37676826807795,1.28283002065243,4.29498927518483,1.31565836137776
4.49400094663385,1.44148898457368,4.56955693337064,1.51814462393388
3.71468252487718,0.89590517177393,3.84550316003776,0.830862357803214
3.84550316003776,0.830862357803214,3.92397460060597,0.796020755777308
3.92397460060597,0.796020755777308,3.91383132922396,0.774250812615872
4.29914983718467,-0.247336322527272,4.43312313230644,-0.337740845063054
4.43312313230644,-0.337740845063054,4.47932839568649,-0.389452344977772
4.47932839568649,-0.389452344977772,4.62321099248823,-0.43135623415999
4.62321099248823,-0.43135623415999,4.66641614182146,-0.517561455284787
4.66641614182146,-0.517561455284787,4.66750033598871,-0.592508225593384
4.66750033598871,-0.592508225593384,4.76524681623259,-0.663706185949794
4.76524681623259,-0.663706185949794,4.83396605126617,-0.776178181073412
4.83396605126617,-0.776178181073412,4.89806821180661,-0.817633788276857
2.15663279044055,-2.82715189044957,2.2097986698127,-2.71547342867391
2.2097986698127,-2.71547342867391,2.18564764488106,-2.85651023689183
2.18564764488106,-2.85651023689183,2.22571389782182,-2.88296217428248
2.22571389782182,-2.88296217428248,2.35255540322787,-2.80730426130633
2.35255540322787,-2.80730426130633,2.35548882453582,-2.9203257890182
2.35548882453582,-2.9203257890182,2.44552671350601,-2.87851136185922
2.44552671350601,-2.87851136185922,2.47872276434901,-3.00107934709744
2.15663279044055,-2.82715189044957,2.23113722829052,-2.73127687387497
2.23113722829052,-2.73127687387497,2.3349263717456,-2.67973047660655
2.3349263717456,-2.67973047660655,2.42299068075246,-2.67151733179772
1.51335274109537,-3.53145588910515,1.60681927662137,-3.60079737321315
1.60681927662137,-3.60079737321315,1.73645701913725,-3.67543579591133
1.73645701913725,-3.67543579591133,1.79349254115066,-3.70740279618121
1.79349254115066,-3.70740279618121,1.86400287650344,-3.72397171572263
1.86400287650344,-3.72397171572263,1.87558672108114,-3.80022921929018
1.87558672108114,-3.80022921929018,2.05667190405387,-3.85622788798941
2.05667190405387,-3.85622788798941,2.20010680801154,-3.85781586942219
2.20010680801154,-3.85781586942219,2.25821365340075,-3.93980007664981
2.25821365340075,-3.93980007664981,2.25512754111138,-4.01053233966425
2.25512754111138,-4.01053233966425,2.43849683894684,-4.01979041300796
2.43849683894684,-4.01979041300796,2.59810329264384,-4.10786191748768
2.59810329264384,-4.10786191748768,2.67285669471888,-4.14818385139928
2.67285669471888,-4.14818385139928,2.69827192990659,-4.13105081329288
2.69827192990659,-4.13105081329288,2.85432652152602,-4.17941514771819
1.42418282249783,-5.10503671274057,1.46821728885901,-5.1602069683499
1.63224303554207,-5.28347497060892,1.67841186148324,-5.35197152809585
1.67841186148324,-5.35197152809585,1.74399190347551,-5.45795422653528
1.74399190347551,-5.45795422653528,1.75011440105887,-5.4646284538012
1.75011440105887,-5.4646284538012,1.89918163988662,-5.52055885815926
1.34856422842391,-5.22185050679407,1.35776215533509,-5.27017017271212
1.35776215533509,-5.27017017271212,1.30775986698028,-5.35320670407918
1.30775986698028,-5.35320670407918,1.26770904111484,-5.46610644132783
1.16981880141947,-5.62268258715738,1.12018361395249,-5.57213743481511
1.12018361395249,-5.57213743481511,1.05581463209009,-5.63582375899884
1.05581463209009,-5.63582375899884,1.10418607680657,-5.81332971834208
0.901513807396108,-5.94905471261133,0.952911951190502,-5.98045602762871
0.952911951190502,-5.98045602762871,0.953266179643503,-6.06813227535305
0.953266179643503,-6.06813227535305,0.815771868841297,-6.20824535919051
0.815771868841297,-6.20824535919051,0.804438477157689,-6.26172067156101
0.804438477157689,-6.26172067156101,0.753065434347803,-6.39495498947535
0.753065434347803,-6.39495498947535,0.71884154887221,-6.38723733649076
0.71884154887221,-6.38723733649076,0.650835526688541,-6.45451486906481
0.650835526688541,-6.45451486906481,0.618905195454225,-6.59212037484384
0.618905195454225,-6.59212037484384,0.514926117811906,-6.75572746497966
0.514926117811906,-6.75572746497966,0.531701215802244,-6.80927078417759
0.531701215802244,-6.80927078417759,0.495260676725419,-6.84576239463867
0.418766014697365,-7.02903056363288,0.348404439740761,-7.05036400551535
0.348404439740761,-7.05036400551535,0.350411129843424,-7.13787998356861
0.350411129843424,-7.13787998356861,0.235079417389456,-7.14816996540449
0.872928848548199,-3.19090820279834,0.890605748605578,-3.21457443964435
0.890605748605578,-3.21457443964435,0.899571935047262,-3.21276107075425
0.899571935047262,-3.21276107075425,0.962516778863751,-3.28728042894189
0.962516778863751,-3.28728042894189,0.980949515703829,-3.25401321767781
0.980949515703829,-3.25401321767781,0.943228540141699,-3.31419446529605
0.943228540141699,-3.31419446529605,0.980351779139439,-3.34502369914286
0.980351779139439,-3.34502369914286,1.026375991117,-3.45087381634449
1.026375991117,-3.45087381634449,1.01861755332922,-3.42520438816553
0.898089305457173,-3.41402854044381,0.859096715163614,-3.33200214326671
-0.787007698021931,-4.99371845746977,-0.910334319000177,-4.99369705183334
-1.215367644396,-5.01576125581042,-1.18163297930065,-5.00462564023656
-1.338254132612,-5.00306662669538,-1.40893784789829,-4.96790399144378
-1.5592667487236,-2.13641137963493,-1.6563906923995,-2.17803136682571
-1.95958531011678,-3.51806693704607,-1.94761090824854,-3.60319059687722
-1.95961210547518,-4.27957865014317,-1.95957591508746,-4.14486331350711
-1.91771204362937,-4.37829550304046,-1.9097355085132,-4.50590831861779
-1.9097355085132,-4.50590831861779,-1.94257257103483,-4.50623788526837
-1.5592667487236,-2.13641137963493,-1.46064997861059,-2.04165704633676
-1.67864260075804,-2.22347382855202,-1.77064730821011,-2.347395867731
-1.91041973647183,-2.72389094634361,-1.86474372480979,-2.56118939972543
-1.86474372480979,-2.56118939972543,-1.90329814432965,-2.66322671376892
-1.90329814432965,-2.66322671376892,-1.92973011998433,-2.82585246088022
-1.92973011998433,-2.82585246088022,-1.96130997688397,-2.98613726905191
-1.96130997688397,-2.98613726905191,-1.95254870996411,-2.83719853219236
-1.96583169986471,-3.0835428061334,-1.94095250497444,-3.06648929743844
-1.94095250497444,-3.06648929743844,-1.9616918170839,-3.19836680231811
-1.9616918170839,-3.19836680231811,-1.97748423266646,-3.09682369702518
-1.96422029918138,-3.31764117476311,-1.98898537747254,-3.44217338975507
-1.98898537747254,-3.44217338975507,-1.98838014180586,-3.46526161883603
-1.98838014180586,-3.46526161883603,-1.96709171309083,-3.60372123495456
-1.96709171309083,-3.60372123495456,-1.99514219264893,-3.56914781145985
-1.01687973619805,-1.83846012064333,-1.05719656500798,-1.79538603938802
-1.05719656500798,-1.79538603938802,-1.1292354029999,-1.73213665669909
-1.1292354029999,-1.73213665669909,-1.05990444431226,-1.80446172478132
-1.05990444431226,-1.80446172478132,-1.15453998981379,-1.7454088240374
-1.15453998981379,-1.7454088240374,-1.17597550156355,-1.71696724181992
-1.17597550156355,-1.71696724181992,-1.22327823189443,-1.68687041096231
-1.22327823189443,-1.68687041096231,-1.22708768945808,-1.66003493559222
-1.22708768945808,-1.66003493559222,-1.28287614735696,-1.68307237823813
-1.28287614735696,-1.68307237823813,-1.34279466408698,-1.68158845044112
-1.34279466408698,-1.68158845044112,-1.38941247811694,-1.69084874588675
-1.38941247811694,-1.69084874588675,-1.3799049373665,-1.70251075880064
-1.3799049373665,-1.70251075880064,-1.38805985567417,-1.74312370240008
-1.29877796729255,-1.60571521629523,-1.32948493612862,-1.56077954050467
-1.32948493612862,-1.56077954050467,-1.34608421335084,-1.61456021966272
-1.34608421335084,-1.61456021966272,-1.36754075685189,-1.62292341696183
-1.36754075685189,-1.62292341696183,-1.4098559126916,-1.5960680972492
-1.4098559126916,-1.5960680972492,-1.40278968412621,-1.61871546405564
-1.40278968412621,-1.61871546405564,-1.47930055654764,-1.71819109077541
-1.47930055654764,-1.71819109077541,-1.42841926027721,-1.6987407403032
-1.42841926027721,-1.6987407403032,-1.50013636184168,-1.79032434126136
-1.50013636184168,-1.79032434126136,-1.52729764614061,-1.85153279479122
-1.52729764614061,-1.85153279479122,-1.5244878180703,-1.84762589271858
-1.5244878180703,-1.84762589271858,-1.56919930791514,-1.88981952575841
-1.56919930791514,-1.88981952575841,-1.57065962380513,-1.9110827676901
-1.57065962380513,-1.9110827676901,-1.62944146180822,-1.98613522728279
-1.62944146180822,-1.98613522728279,-1.66484004957055,-2.08351419122634
-1.29877796729255,-1.60571521629523,-1.3754450930554,-1.62829715667093
-1.3754450930554,-1.62829715667093,-1.38202562008388,-1.56231885922434
-1.38202562008388,-1.56231885922434,-1.3722817078415,-1.5800957943638
-2.97620734057804,0.430059172081285,-2.98726821103608,0.480980906858511
-3.18029128014172,0.58559545089965,-3.20703015063252,0.733639388574852
-3.20703015063252,0.733639388574852,-3.30737458628654,0.716751757855342
-3.30737458628654,0.716751757855342,-3.30434201878372,0.774401287235463
-3.30434201878372,0.774401287235463,-3.3485029586071,0.892056693402177
-3.3485029586071,0.892056693402177,-3.45515687627092,0.927483515198091
-3.45515687627092,0.927483515198091,-3.56826651578241,1.05640209572329
-2.97620734057804,0.430059172081285,-2.94329774972137,0.492707837979087
-2.94329774972137,0.492707837979087,-3.06396976898392,0.340255712701153
-3.28855974538568,0.336467316874743,-3.39212490150183,0.308444290659174
-3.39212490150183,0.308444290659174,-3.47945342893321,0.279001649028528
-3.47945342893321,0.279001649028528,-3.5308931088492,0.242677395804412
-3.5308931088492,0.242677395804412,-3.6091890767273,0.234927831723423
-3.89395045640697,0.177503690387748,-3.89564315666139,0.131036704292309
-2.28992293381682,1.29493775889409,-2.33418133975969,1.2702550490258
-1.07045513326602,1.56909373267591,-1.0919075627212,1.70092743000932
-1.0919075627212,1.70092743000932,-1.17831200205626,1.80060947369839
-0.74321449171447,4.17126092282076,-0.637272895110784,4.31203576482958
-0.637272895110784,4.31203576482958,-0.630684675503704,4.37545326782462
-0.630684675503704,4.37545326782462,-0.585124060789398,4.50488922263542
-0.146559944732556,0.599796372901442,-0.026925913902648,0.626665723556133
1.43415241377268,-4.6989888190001,1.4471818911843,-4.86416534103382
1.4471818911843,-4.86416534103382,1.37851752303983,-4.93308441079861
2.6199210864683,2.71780464764815,2.68029529492539,2.81476214797706
2.68029529492539,2.81476214797706,2.6454306994843,2.95917273833502
-1.38805985567417,-1.74312370240008,-1.46613334326007,-1.81127838007227
-1.46613334326007,-1.81127838007227,-1.56347960334228,-1.88052765190831
-3.06396976898392,0.340255712701153,-3.16412970442702,0.382302713289414
-3.16412970442702,0.382302713289414,-3.28855974538568,0.336467316874743
0.291833404838822,0.675481627812768,0.237746554008248,0.716345072443238
0.237746554008248,0.716345072443238,0.086775415830286,0.635982000941369
0.935066111376176,0.761854821233483,1.08702061632,0.711198583990928
1.08702061632,0.711198583990928,1.2330153095182,0.713397563671633
-0.979540214446783,-1.88667501040936,-1.08292587080842,-1.87279084703325
-1.12202846895372,-1.86859089203051,-1.20816945560894,-1.86953722430986
-1.20816945560894,-1.86953722430986,-1.2612680322651,-1.88064385150593
-1.2612680322651,-1.88064385150593,-1.36917527225602,-1.94789882862434
3.36766854639783,2.11335615597691,3.49522160709408,2.09033504845935
3.49522160709408,2.09033504845935,3.51679640936589,2.2047987223767
2.29832683516713,1.73891668798544,2.33331926246716,1.86186666319089
2.33331926246716,1.86186666319089,2.30455458070763,1.99989803374585
1.10418607680657,-5.81332971834208,0.935059858890675,-5.86832019491663
0.935059858890675,-5.86832019491663,0.901513807396108,-5.94905471261133
0.60365858533911,-4.15358480901449,0.525372115417399,-4.27365720830789
-1.6563906923995,-2.17803136682571,-1.70995557959229,-2.29416379379259
-1.46064997861059,-2.04165704633676,-1.62280286348903,-2.1154573593538
-1.62280286348903,-2.1154573593538,-1.67864260075804,-2.22347382855202
0.267401486234315,0.660838341461195,0.26432613730778,0.611709793858682
0.26432613730778,0.611709793858682,0.0708371164722036,0.570625422259375
-0.98368481618934,-0.318543925641595,-1.03000817918466,-0.491185916418663
0.193092147578127,0.714141622564833,0.365385407326334,0.744123681583491
0.365385407326334,0.744123681583491,0.434229956647944,0.788510773919279
-0.87025344446875,-0.166828493346032,-0.98368481618934,-0.318543925641595
0.64407182794947,0.790506217420041,0.699197615243848,0.7621981987915
1.02630686782762,-3.19509031834563,1.09584247982258,-3.15372075756628
1.09584247982258,-3.15372075756628,1.21761054190375,-3.18599167364855
-0.949082004862641,2.29585724423232,-0.940654784544269,2.42253692658089
-0.940654784544269,2.42253692658089,-0.933279916502969,2.54995060666895
0.495260676725419,-6.84576239463867,0.39930796505057,-6.96319984080232
0.39930796505057,-6.96319984080232,0.418766014697365,-7.02903056363288
0.859096715163614,-3.33200214326671,0.83348820858478,-3.45980881009643
0.83348820858478,-3.45980881009643,0.843365577296984,-3.55740713980281
-1.77064730821011,-2.347395867731,-1.80010612640673,-2.48145648215982
-3.6091890767273,0.234927831723423,-3.75898296252449,0.274638559202889
-3.75898296252449,0.274638559202889,-3.89395045640697,0.177503690387748
-0.414893560886095,-2.25592158063655,-0.403021483256234,-2.24238317193145
-0.403021483256234,-2.24238317193145,-0.551092236391995,-2.12681117321557
0.470605676499096,-2.86906610922158,0.562303518108944,-2.9588751961251
0.562303518108944,-2.9588751961251,0.748151957619208,-3.0251550282182
-0.242142476584662,-4.83579168458455,-0.37841898419948,-4.91650177555679
-0.37841898419948,-4.91650177555679,-0.553457280420361,-4.96529444175206
1.37504006066789,-3.11367498791048,1.49369585779015,-3.09561102661674
1.49369585779015,-3.09561102661674,1.61217260328122,-3.05656939320118
-1.33848701052082,0.730858277169053,-1.40258325876049,0.736056352675765
-1.40258325876049,0.736056352675765,-1.50063291688246,0.694039955403945
3.87486420956888,-0.0481387417613889,4.04039664943744,-0.090551046922703
4.04039664943744,-0.090551046922703,4.09232308938315,-0.186202596893886
4.89806821180661,-0.817633788276857,4.96351405955615,-0.837723238185818
4.96351405955615,-0.837723238185818,4.99223537979434,-0.97720983423266
1.46821728885901,-5.1602069683499,1.60230705401349,-5.2672184623206
1.60230705401349,-5.2672184623206,1.63224303554207,-5.28347497060892
-1.80530373186173,-2.5186319329427,-1.8783936804199,-2.64594464019581
-1.8783936804199,-2.64594464019581,-1.90946365306725,-2.79286422864548
-0.735026175045014,-2.05736939078712,-0.864305672141433,-1.92197563400497
-1.36917527225602,-1.94789882862434,-1.47417993462004,-1.99528403282539
-1.47417993462004,-1.99528403282539,-1.5592667487236,-2.13641137963493
0.0708371164722036,0.570625422259375,-0.0947489176947792,0.475857062689335
-0.0947489176947792,0.475857062689335,-0.218596315632414,0.412299661882955
-0.480639856619871,0.219589522779161,-0.603271831821792,0.105389671667418
-1.03000817918466,-0.491185916418663,-0.982679955573914,-0.513493829322432
-1.97021864178943,0.944354151983188,-2.03021394012205,1.04752851204045
-2.03021394012205,1.04752851204045,-2.07647258711059,1.09729041056373
1.42418282249783,-5.10503671274057,1.36902438687178,-5.17839150527723
1.36902438687178,-5.17839150527723,1.34856422842391,-5.22185050679407
-1.95957591508746,-4.14486331350711,-1.9492165573912,-4.26745624757264
-1.9492165573912,-4.26745624757264,-1.91771204362937,-4.37829550304046
0.728038741970924,-3.09904728211071,0.665584396423149,-3.04244059072694
0.665584396423149,-3.04244059072694,0.599527765987781,-2.98792233218792
-1.94754436814152,-3.86693303931956,-1.95211751681123,-4.02480692977884
-1.70995557959229,-2.29416379379259,-1.77191175074193,-2.38787155126995
-1.77191175074193,-2.38787155126995,-1.80530373186173,-2.5186319329427
-0.603271831821792,0.105389671667418,-0.700928477897103,0.00285140613821276
-0.735946595420806,-1.94272828984397,-0.714899283002991,-1.98973891038388
-0.714899283002991,-1.98973891038388,-0.711597715797436,-2.00281810686848
-0.711597715797436,-2.00281810686848,-0.586988011828603,-2.1303444999075
-1.09069014723666,-1.00905914349818,-1.10763344460819,-1.14640195409028
-1.10763344460819,-1.14640195409028,-1.0660914350065,-1.29684874138391
-0.218596315632414,0.412299661882955,-0.387870311827777,0.287204012955588
-0.387870311827777,0.287204012955588,-0.480639856619871,0.219589522779161
-1.0660914350065,-1.29684874138391,-1.02817298956084,-1.46483146760093
-0.957079913777261,-1.62363512182251,-0.903481090230585,-1.74707850359054
0.507870086480266,-2.92167899307648,0.380222468047976,-2.86017923842458
0.380222468047976,-2.86017923842458,0.213721947142103,-2.71962722090672
2.58708332329262,1.63379093105017,2.65576409449112,1.6809878468813
2.65576409449112,1.6809878468813,2.71790784478189,1.74646013525516
-0.63913870745209,-2.10008540117789,-0.78138185152584,-2.00562243125561
-0.78138185152584,-2.00562243125561,-0.86201282908212,-1.96057451763039
0.843365577296984,-3.55740713980281,0.854828360266568,-3.66396414861299
0.854828360266568,-3.66396414861299,0.796201421261587,-3.75153383928292
0.32992733882476,-4.45799042172762,0.239759626356637,-4.52406678034357
0.239759626356637,-4.52406678034357,0.142906340255818,-4.61435224916506
-0.910334319000177,-4.99369705183334,-1.10239576183458,-5.00653148956454
-1.10239576183458,-5.00653148956454,-1.215367644396,-5.01576125581042
-2.06946698491313,1.29460672358211,-2.21223431746181,1.28930196853237
-2.21223431746181,1.28930196853237,-2.28992293381682,1.29493775889409
0.884759234747156,-3.16979219691659,0.791943717387184,-3.12045003515541
0.791943717387184,-3.12045003515541,0.728038741970924,-3.09904728211071
-0.864305672141433,-1.92197563400497,-0.926270497748243,-1.88980527587227
-0.926270497748243,-1.88980527587227,-1.01687973619805,-1.83846012064333
-0.814275117471032,-1.97952537294521,-0.932099730030499,-1.94243911132461
-0.932099730030499,-1.94243911132461,-0.979540214446783,-1.88667501040936
-1.80010612640673,-2.48145648215982,-1.84604107471468,-2.60964326816164
-1.84604107471468,-2.60964326816164,-1.91041973647183,-2.72389094634361
-0.612207423021696,-2.1465065776654,-0.45737781843095,-2.20805602207847
-0.309478228892616,-2.32368337460652,-0.43677077269389,-2.23136354840594
-0.43677077269389,-2.23136354840594,-0.5468246162582,-2.16501186308675
3.14337708604911,2.00212872355663,3.26943194349532,2.0575660920665
3.26943194349532,2.0575660920665,3.34934020948399,2.05276542793045
2.41312290493066,2.07992006744444,2.47792763952931,2.19700792610909
2.47792763952931,2.19700792610909,2.48185670315331,2.31678064659177
0.796201421261587,-3.75153383928292,0.734474181718723,-3.85047080640571
0.734474181718723,-3.85047080640571,0.711195754157734,-3.94597996759221
0.142906340255818,-4.61435224916506,0.0346503928335966,-4.679301909903
0.0346503928335966,-4.679301909903,-0.0419981549273658,-4.79932046643656
-0.553457280420361,-4.96529444175206,-0.6402916871834,-4.99221410564923
-0.6402916871834,-4.99221410564923,-0.787007698021931,-4.99371845746977
-1.99514219264893,-3.56914781145985,-1.99700332557832,-3.73331514406125
-1.99700332557832,-3.73331514406125,-1.99395286703486,-3.86207708642755
-1.95211751681123,-4.02480692977884,-1.93702118087767,-4.11411693516857
-1.93702118087767,-4.11411693516857,-1.95961210547518,-4.27957865014317
0.525372115417399,-4.27365720830789,0.421017603708062,-4.37691635160707
0.421017603708062,-4.37691635160707,0.32992733882476,-4.45799042172762
-1.90946365306725,-2.79286422864548,-1.92885202257001,-2.91021466077257
-1.96096391390675,-3.31071508655352,-1.95958531011678,-3.51806693704607
-1.0491440863976,-0.782885660094779,-1.06722505193195,-0.864139345053596
-1.06722505193195,-0.864139345053596,-1.09069014723666,-1.00905914349818
0.0328294232183081,-2.6098089598256,-0.115243540300638,-2.48798860234645
-0.241256013528636,-2.37488374911962,-0.3687842075877,-2.26638061280453
0.0669017055292143,-2.59105434531615,0.225714546275733,-2.70752751825536
0.225714546275733,-2.70752751825536,0.31157367301065,-2.79106246615922
0.31157367301065,-2.79106246615922,0.470605676499096,-2.86906610922158
-0.903481090230585,-1.74707850359054,-0.831680475306487,-1.85961265311334
-0.831680475306487,-1.85961265311334,-0.735946595420806,-1.94272828984397
0.086775415830286,0.635982000941369,0.205247153592982,0.662032616583566
0.205247153592982,0.662032616583566,0.267401486234315,0.660838341461195
0.507870086480266,-2.92167899307648,0.380780885990184,-2.84919115126815
0.380780885990184,-2.84919115126815,0.317019346681389,-2.80773962135827
3.85598470176122,1.01488678412986,3.90986590284147,1.05103206414491
3.90986590284147,1.05103206414491,4.05613030092295,1.08669229927547
1.26770904111484,-5.46610644132783,1.24336444721555,-5.57321193308345
1.24336444721555,-5.57321193308345,1.16981880141947,-5.62268258715738
0.711195754157734,-3.94597996759221,0.644071316734058,-4.05878485433914
0.644071316734058,-4.05878485433914,0.60365858533911,-4.15358480901449
-0.026925913902648,0.626665723556133,0.074928992123692,0.700867995755784
0.074928992123692,0.700867995755784,0.193092147578127,0.714141622564833
0.699197615243848,0.7621981987915,0.869939605054849,0.72477846904603
0.869939605054849,0.72477846904603,0.945369327053574,0.751316646929647
-0.982679955573914,-0.513493829322432,-1.01761139168677,-0.660865936392287
-1.01761139168677,-0.660865936392287,-1.0491440863976,-0.782885660094779
-0.3687842075877,-2.26638061280453,-0.476739968184822,-2.21147726851636
-0.476739968184822,-2.21147726851636,-0.612207423021696,-2.1465065776654
-0.700928477897103,0.00285140613821276,-0.755312412353482,-0.0881194015817726
-0.755312412353482,-0.0881194015817726,-0.87025344446875,-0.166828493346032
-0.551092236391995,-2.12681117321557,-0.446085270877262,-2.23910744381494
-0.446085270877262,-2.23910744381494,-0.317236469328045,-2.33645277947069
1.25661782980737,0.702693869199244,1.34320936010535,0.67285903704082
1.34320936010535,0.67285903704082,1.45535834543663,0.650798132910382
-1.76049883623275,0.941948871721278,-1.89422117116514,0.945612339950099
-1.89422117116514,0.945612339950099,-1.97021864178943,0.944354151983188
3.52198091848559,0.848521456902428,3.6271704536597,0.890240621889564
3.6271704536597,0.890240621889564,3.71468252487718,0.89590517177393
4.29498927518483,1.31565836137776,4.39616333200373,1.36718760973497
4.39616333200373,1.36718760973497,4.49400094663385,1.44148898457368
-1.18163297930065,-5.00462564023656,-1.25676465058787,-5.01086270808457
-1.25676465058787,-5.01086270808457,-1.338254132612,-5.00306662669538
-0.0419981549273658,-4.79932046643656,-0.156995925099006,-4.81579272827467
-0.156995925099006,-4.81579272827467,-0.242142476584662,-4.83579168458455
0.190429122048445,-2.68691292176603,0.102937640319907,-2.6290863002687
0.102937640319907,-2.6290863002687,-0.0128548868452095,-2.56384817622061
-0.302413959364542,-2.32744616935433,-0.425027382857147,-2.28493883506231
-0.425027382857147,-2.28493883506231,-0.494340847835668,-2.21859876510961
-0.494340847835668,-2.21859876510961,-0.618260169386385,-2.13127726395288
-0.618260169386385,-2.13127726395288,-0.735026175045014,-2.05736939078712
-0.586988011828603,-2.1303444999075,-0.515028655129264,-2.18744867023316
-0.515028655129264,-2.18744867023316,-0.414893560886095,-2.25592158063655
-0.317236469328045,-2.33645277947069,-0.213876845251401,-2.37433143118219
-0.213876845251401,-2.37433143118219,-0.127734797085949,-2.47030660287195
-1.02817298956084,-1.46483146760093,-0.99057397305947,-1.53816304385841
-0.99057397305947,-1.53816304385841,-0.957079913777261,-1.62363512182251
-0.0128548868452095,-2.56384817622061,-0.118470931027174,-2.48749351604438
-0.118470931027174,-2.48749351604438,-0.241256013528636,-2.37488374911962
0.434229956647944,0.788510773919279,0.560614717585143,0.781638089002547
0.560614717585143,0.781638089002547,0.64407182794947,0.790506217420041
2.20157420239838,0.585375234578199,2.20354792460107,0.686487748180483
2.20354792460107,0.686487748180483,2.21334003202988,0.796672915524094
-0.77052181173162,3.0222777081226,-0.820524077372544,3.13005652792677
-0.820524077372544,3.13005652792677,-0.857809959289006,3.20504058924369
3.04099656337649,0.43959994920092,3.11148001373631,0.377553041799628
3.11148001373631,0.377553041799628,3.2298293121635,0.354446307858535
-1.76812754639207,0.647830013114168,-1.89907820575395,0.672409961838987
-1.89907820575395,0.672409961838987,-2.00864895428881,0.659782920244217
-1.95254870996411,-2.83719853219236,-1.95734282218089,-2.98024071838185
-1.95734282218089,-2.98024071838185,-1.96583169986471,-3.0835428061334
-1.97748423266646,-3.09682369702518,-1.96480135798597,-3.20775267239784
-1.96480135798597,-3.20775267239784,-1.96422029918138,-3.31764117476311
-2.98726821103608,0.480980906858511,-3.09074246527773,0.528569844419053
-3.09074246527773,0.528569844419053,-3.18029128014172,0.58559545089965
0.213721947142103,-2.71962722090672,0.118072266300262,-2.65988245482921
0.118072266300262,-2.65988245482921,0.0328294232183081,-2.6098089598256
-1.94761090824854,-3.60319059687722,-1.95514236218303,-3.72558240072587
-1.95514236218303,-3.72558240072587,-1.94754436814152,-3.86693303931956
-0.45737781843095,-2.20805602207847,-0.363224128315468,-2.29543559753644
-0.363224128315468,-2.29543559753644,-0.274578401438179,-2.36673151215852
-1.92885202257001,-2.91021466077257,-1.92688554212257,-3.01069026370858
-1.92688554212257,-3.01069026370858,-1.93500784515872,-3.11932261170772
-1.93500784515872,-3.11932261170772,-1.95533314565938,-3.22220611125796
-1.95533314565938,-3.22220611125796,-1.96096391390675,-3.31071508655352
-0.115243540300638,-2.48798860234645,-0.218703449363275,-2.41260897941352
-0.218703449363275,-2.41260897941352,-0.302413959364542,-2.32744616935433
-0.127734797085949,-2.47030660287195,-0.0201280860840908,-2.52572371255803
-0.0201280860840908,-2.52572371255803,0.0669017055292143,-2.59105434531615
