2.13020154449867
2.71639793825813
2.45893156338168
2.72726580591853
2.82681972908569
3.05642943159737
3.68308781303685
3.56392335285893
3.96953064494523
4.86539483520578
5.33899573420994
5.67024082799834
5.87865355108461
6.41564856579371
6.43693425244207
6.41957059097753
7.03145649165433
7.08123532471884
7.40718038188659
6.77831502425705
7.30119899994268
7.44263481223165
8.12504411218342
7.46025123060176
7.76657498422587
9.02418661617829
8.48194072583861
9.41880256443537
9.61328036272743
9.89728213771721
