1.19734599701701
0.733664391398586
1.46450330547685
1.73760700552264
0.938078343769828
1.30587179800756
3.04920844994288
2.69387049684348
3.15447663728009
3.69096152345297
3.9639327789263
4.09247511516899
2.39338158303973
3.43988807008787
3.91519634637921
3.57985850401495
3.60068813406552
1.94812011920831
2.59911364466472
3.61626348498363
3.34435366177134
3.59369096982931
4.05522916301361
3.64388001505244
4.02606500024065
5.3088771399219
5.0900995436916
4.79554118112004
5.41348744476954
7.67591674090582
