-0.167824684836627,0.114797132815879,-0.167824684836627,0.114797132815879
-1.43119616302997,0.733903635131782,-1.4409718229221,0.686568212692965
0.87191116262772,0.951319209896299,0.917925955816523,0.964948778816897
1.55525252673143,2.22680280535297,1.57219320683094,2.3079795436363
3.2192506793996,1.08561999964846,3.21905414906046,1.11053636224348
0.691301396298004,-4.51492033376455,0.701809441185232,-4.41711624719488
-0.167824684836627,0.114797132815879,-0.143745410777394,0.139443793286045
-0.143745410777394,0.139443793286045,-0.0787826084494326,0.0886233388081236
-0.0787826084494326,0.0886233388081236,0.0026263579214056,0.119020535239193
0.0026263579214056,0.119020535239193,0.0171610316674971,0.0409135794895119
0.0171610316674971,0.0409135794895119,0.0583350632838417,0.00930670107544656
0.0583350632838417,0.00930670107544656,0.0901723399383004,0.0147636781074039
0.0901723399383004,0.0147636781074039,0.134586143062763,0.0590789808151505
0.134586143062763,0.0590789808151505,0.143748223945389,-0.0137496885145836
0.143748223945389,-0.0137496885145836,0.152566796762871,0.0436940480908417
0.152566796762871,0.0436940480908417,0.109077277885403,-0.0453550903541071
0.109077277885403,-0.0453550903541071,0.233929768490701,0.0298757623375895
0.233929768490701,0.0298757623375895,0.243262262050456,0.000669236916275039
0.243262262050456,0.000669236916275039,0.223944176429603,-0.0428041648961252
0.223944176429603,-0.0428041648961252,0.26355927648173,-0.0844792250325775
0.26355927648173,-0.0844792250325775,0.27784985040552,-0.144118667350513
2.23743135861569,-2.28467856032186,2.26168281782936,-2.34950704119899
2.26168281782936,-2.34950704119899,2.22822547604404,-2.36400803005831
2.22822547604404,-2.36400803005831,2.19288104088203,-2.36842614423622
2.19288104088203,-2.36842614423622,2.19294798220535,-2.40202797708918
2.19294798220535,-2.40202797708918,2.15257553519257,-2.53393571418133
2.15257553519257,-2.53393571418133,2.13216102504408,-2.5938685204512
2.13216102504408,-2.5938685204512,2.10640012733152,-2.64332035687867
2.10640012733152,-2.64332035687867,1.98808658817724,-2.72890308516007
1.88214936739117,-2.91480436947744,1.84841040594764,-3.00606954882978
1.45567070728072,-3.36363452460093,1.44268710496131,-3.35255638289433
1.19698208073514,-3.49651807720681,1.08107938872508,-3.56349788850281
1.08107938872508,-3.56349788850281,1.13221884193837,-3.51895048850549
0.943599897851863,-3.62224589892876,0.905245806969583,-3.63020594528992
0.735314224344095,-3.64558674296031,0.79321719079309,-3.6691473158687
0.79321719079309,-3.6691473158687,0.699113765468938,-3.64596499335495
0.699113765468938,-3.64596499335495,0.736012659538131,-3.69091472130924
0.736012659538131,-3.69091472130924,0.723654599414291,-3.7097146867683
0.723654599414291,-3.7097146867683,0.693942701266477,-3.67575256296206
0.693942701266477,-3.67575256296206,0.672138810530712,-3.67782814606243
0.672138810530712,-3.67782814606243,0.6874875612701,-3.73930134813743
0.6874875612701,-3.73930134813743,0.729639018753581,-3.8345377855586
0.729639018753581,-3.8345377855586,0.691747733169981,-3.85026161738999
0.27784985040552,-0.144118667350513,0.340576585153429,-0.0778709962708107
0.691747733169981,-3.85026161738999,0.672934495137053,-3.83348577563352
0.549200833539201,-3.68969387527344,0.529264657554069,-3.65544171466132
0.370801554275207,-3.48076493040663,0.313488038111492,-3.45006224740992
0.313488038111492,-3.45006224740992,0.203694095298359,-3.34736053605637
0.691747733169981,-3.85026161738999,0.695098098989633,-3.86745705236537
0.730870942324062,-4.07037155921526,0.724189318013252,-4.10211074454697
2.13216102504408,-2.5938685204512,2.14514989259016,-2.69066075849264
2.14514989259016,-2.69066075849264,2.14792389384929,-2.66468121339503
2.14792389384929,-2.66468121339503,2.09175329993785,-2.74253810296571
2.09175329993785,-2.74253810296571,2.08069157308008,-2.78610100211734
2.08069157308008,-2.78610100211734,2.14360644452037,-2.83443042828144
2.23743135861569,-2.28467856032186,2.28968035783401,-2.28731397552456
2.28968035783401,-2.28731397552456,2.32597709509296,-2.28642127671293
2.32597709509296,-2.28642127671293,2.38360084888527,-2.22426102732707
2.38360084888527,-2.22426102732707,2.38158193946721,-2.27687357577978
2.59180140805293,-2.19295166452381,2.58015196931275,-2.19049493676954
2.58015196931275,-2.19049493676954,2.62977709371874,-2.13922903701199
2.81973142383711,-2.05536492807379,2.95869331168896,-1.99776860455727
2.95869331168896,-1.99776860455727,2.94468744875456,-2.03115404006173
-0.167824684836627,0.114797132815879,-0.187827119647729,0.111544721478066
-0.187827119647729,0.111544721478066,-0.309310874971376,0.135924755151999
-0.309310874971376,0.135924755151999,-0.290948343647956,0.103848988383852
-0.290948343647956,0.103848988383852,-0.418289889305034,0.172695959202947
-0.418289889305034,0.172695959202947,-0.526780882597565,0.224390345764987
-0.526780882597565,0.224390345764987,-0.582181508993132,0.283937539080926
-0.582181508993132,0.283937539080926,-0.714426827972752,0.294017300496254
-0.714426827972752,0.294017300496254,-0.760161081101534,0.384395573020282
-0.760161081101534,0.384395573020282,-0.836945242760557,0.433166940354641
-0.836945242760557,0.433166940354641,-0.963184545497397,0.482650581769597
-0.963184545497397,0.482650581769597,-0.966921008763633,0.540554990969074
-0.966921008763633,0.540554990969074,-1.12911938992056,0.549522259292278
-1.12911938992056,0.549522259292278,-1.20042447359357,0.558684593569882
-1.34594466017855,0.709345055227887,-1.43119616302997,0.733903635131782
0.592156174464132,0.447259009610927,0.705538327476181,0.585938378031442
1.02990555732332,0.817978562140472,1.13092792846159,0.911674760065688
1.46810684402143,1.06244136218812,1.48094544513678,1.06390042320803
2.01885019589405,1.13819248982179,2.08033286029518,1.15548462098682
2.08033286029518,1.15548462098682,2.146956489306,1.16655257563669
2.36674528648347,1.16705073624908,2.39210620825295,1.21296948109897
2.39210620825295,1.21296948109897,2.39701941832522,1.14505671506881
2.39701941832522,1.14505671506881,2.52678527898999,1.15539439969421
0.592156174464132,0.447259009610927,0.563052368506112,0.439975367786476
0.563052368506112,0.439975367786476,0.6650576385488,0.5960444722464
0.6650576385488,0.5960444722464,0.729248434469199,0.722293993217803
0.729248434469199,0.722293993217803,0.790463183674252,0.787484312828535
0.790463183674252,0.787484312828535,0.845388481224536,0.824179998805802
0.845388481224536,0.824179998805802,0.858827572748073,0.867148882051523
0.858827572748073,0.867148882051523,0.914175612339512,0.929127199685688
0.914175612339512,0.929127199685688,0.87191116262772,0.951319209896299
-2.53451629440731,-3.62249376541133,-2.53478415151643,-3.58203331974122
-2.53478415151643,-3.58203331974122,-2.59391958683359,-3.66000164618957
-2.59391958683359,-3.66000164618957,-2.58895076242869,-3.50856551014492
-2.58895076242869,-3.50856551014492,-2.62380405625045,-3.67569545644549
-2.62380405625045,-3.67569545644549,-2.71682272443868,-3.71268473093733
-2.71682272443868,-3.71268473093733,-2.70085695488462,-3.68102682161411
-2.70085695488462,-3.68102682161411,-2.75305527238185,-3.69670444195475
-2.75305527238185,-3.69670444195475,-2.72423867406185,-3.61990280169239
-2.72423867406185,-3.61990280169239,-2.79641738744387,-3.68572937107172
-2.79641738744387,-3.68572937107172,-2.87427180310481,-3.71774074061982
-2.87427180310481,-3.71774074061982,-2.85329674805771,-3.5874893508014
-2.85329674805771,-3.5874893508014,-2.91972918684163,-3.67184449344055
-2.91972918684163,-3.67184449344055,-2.93741088990776,-3.65572496065579
-2.93741088990776,-3.65572496065579,-2.97482009015568,-3.68882175605768
-2.97482009015568,-3.68882175605768,-3.07794950825215,-3.72749350818264
-3.07794950825215,-3.72749350818264,-3.12818844840967,-3.65349250337082
-3.12818844840967,-3.65349250337082,-3.14894525029848,-3.54517472635212
-3.14894525029848,-3.54517472635212,-3.27935439967046,-3.55686730102086
-3.27935439967046,-3.55686730102086,-3.42168220631074,-3.58693038209033
-3.42168220631074,-3.58693038209033,-3.44164671302328,-3.62151213528358
0.631640149678179,-4.42640955793023,0.637683659432713,-4.55778579178593
0.637683659432713,-4.55778579178593,0.601994296481805,-4.73568911654756
0.445021559907009,-4.98498280013675,0.458330158159171,-5.00379101027963
0.147636723398516,-5.36336195572663,0.0969959638698045,-5.40935789066552
-0.116744978432359,-5.52835670574248,-0.116132354412691,-5.61449740935591
-0.116132354412691,-5.61449740935591,-0.250084345719839,-5.6911866094606
-0.250084345719839,-5.6911866094606,-0.408704538488027,-5.77261156380933
-0.408704538488027,-5.77261156380933,-0.496597403661356,-5.79796041057466
-0.496597403661356,-5.79796041057466,-0.606198113844475,-5.8557990540816
-0.606198113844475,-5.8557990540816,-0.589593224884423,-5.894709156555
-0.589593224884423,-5.894709156555,-0.654291316908648,-5.90000551952156
-0.654291316908648,-5.90000551952156,-0.756176565951047,-5.94581760848611
-0.756176565951047,-5.94581760848611,-0.786078866333179,-6.03413598141501
-0.786078866333179,-6.03413598141501,-0.807072289705961,-6.07034718699897
-0.807072289705961,-6.07034718699897,-0.828228646999738,-6.09339517257465
-1.0109057996331,-6.14066619626657,-1.04977145528539,-6.26759751850668
-1.04977145528539,-6.26759751850668,-1.03129000371093,-6.31875573692514
3.12348051325251,-1.89624167004888,3.05612645715104,-1.96636070469123
3.28034878569993,-1.81423529044627,3.27429863441276,-1.77821740658344
3.27429863441276,-1.77821740658344,3.30843176272753,-1.86337031171813
3.30843176272753,-1.86337031171813,3.35081053561533,-1.79468773308044
3.35081053561533,-1.79468773308044,3.37590736712804,-1.88486736635152
3.37590736712804,-1.88486736635152,3.45433794406791,-1.84299003160327
3.45433794406791,-1.84299003160327,3.50598139795895,-1.92535769902034
3.50598139795895,-1.92535769902034,3.5517659860722,-1.86492847076971
3.5517659860722,-1.86492847076971,3.63777828695171,-1.97481127574541
3.63777828695171,-1.97481127574541,3.73477792546251,-1.82787802984609
3.73477792546251,-1.82787802984609,3.76033778517796,-1.94999593037391
3.76033778517796,-1.94999593037391,3.90839661891858,-2.01872485502161
3.90839661891858,-2.01872485502161,3.91407465386868,-2.09376569495155
3.91407465386868,-2.09376569495155,4.05638494012819,-2.12427649692909
4.05638494012819,-2.12427649692909,4.03463216781876,-2.19271031924537
4.25621309813025,-2.17477454166168,4.24136892963076,-2.29194268595345
4.24136892963076,-2.29194268595345,4.32714638232502,-2.43686482151596
4.32714638232502,-2.43686482151596,4.42735247346013,-2.47302632505522
4.42735247346013,-2.47302632505522,4.51737661628725,-2.47198468310063
4.51737661628725,-2.47198468310063,4.62393115408197,-2.53441915039554
4.62393115408197,-2.53441915039554,4.667105966839,-2.59440001025269
4.667105966839,-2.59440001025269,4.78020542277698,-2.73147432234975
2.14360644452037,-2.83443042828144,2.12891613374315,-2.93498357571153
2.12891613374315,-2.93498357571153,2.04160309670508,-3.00290234255568
2.04160309670508,-3.00290234255568,2.0343273062047,-3.09833346606613
2.0343273062047,-3.09833346606613,1.97508639675929,-3.20554438945025
1.97508639675929,-3.20554438945025,1.95052339642102,-3.2747514800297
1.95052339642102,-3.2747514800297,2.00263482091812,-3.31725953852155
2.00263482091812,-3.31725953852155,1.95598074432628,-3.37559570680061
1.95598074432628,-3.37559570680061,1.94301632519418,-3.46616382103105
1.94301632519418,-3.46616382103105,1.999393095445,-3.51339650769527
2.14360644452037,-2.83443042828144,2.10701797271922,-2.9153052838083
2.10701797271922,-2.9153052838083,2.11920952047627,-2.89069828134458
2.11920952047627,-2.89069828134458,2.19816710145909,-2.97892627323592
2.19816710145909,-2.97892627323592,2.24137566038268,-2.9059853804595
2.24137566038268,-2.9059853804595,2.27045982308274,-2.89628048360242
2.27045982308274,-2.89628048360242,2.36563385731337,-3.02060696599481
2.36563385731337,-3.02060696599481,2.34723765523606,-3.06342694929855
2.34723765523606,-3.06342694929855,2.47333934363308,-2.98945744093128
2.47333934363308,-2.98945744093128,2.46331426093239,-3.1197700240661
2.46331426093239,-3.1197700240661,2.54867862019991,-3.0084486062755
2.74597544805118,-3.17582697684766,2.83487501885349,-3.34233307082884
0.87191116262772,0.951319209896299,1.0014899112311,1.01916735833923
1.0014899112311,1.01916735833923,1.0567419059081,1.05727828778376
1.0567419059081,1.05727828778376,1.12763671136644,1.20441429682779
1.12763671136644,1.20441429682779,1.16916649771201,1.17576883264898
1.16916649771201,1.17576883264898,1.26479278237889,1.26950560611824
1.26479278237889,1.26950560611824,1.18393672924559,1.26041227168332
1.18393672924559,1.26041227168332,1.3321635421272,1.37684065523257
1.3321635421272,1.37684065523257,1.30822857670382,1.44489158944895
1.30822857670382,1.44489158944895,1.3391130949473,1.4745254453912
1.3391130949473,1.4745254453912,1.349191291737,1.55901041101177
1.349191291737,1.55901041101177,1.37428966577315,1.61154783313452
1.37428966577315,1.61154783313452,1.35059968147988,1.71596532046459
1.35059968147988,1.71596532046459,1.51131828798149,1.87256328834028
1.51131828798149,1.87256328834028,1.47136174590148,1.85784216039638
1.49089244572611,2.00052597540886,1.50517812170745,2.08346950996837
-1.43119616302997,0.733903635131782,-1.51196797241406,0.67319262832786
-1.75428192948813,0.753507378853661,-1.80204109969528,0.780180201098755
-1.80204109969528,0.780180201098755,-1.82637774355888,0.78411343262653
-1.82637774355888,0.78411343262653,-1.92688980782163,0.836654293514796
-1.92688980782163,0.836654293514796,-2.07973372650924,0.853467218480682
2.52678527898999,1.15539439969421,2.60864180896507,1.17859970345734
2.60864180896507,1.17859970345734,2.80002555705204,1.11029985047631
2.80002555705204,1.11029985047631,2.79164521142774,1.08489363394031
2.79164521142774,1.08489363394031,2.93878002593269,1.09050743190126
2.93878002593269,1.09050743190126,2.94067990036555,1.11360629646475
2.94067990036555,1.11360629646475,3.09625554153056,1.07784850225519
3.09625554153056,1.07784850225519,3.2192506793996,1.08561999964846
-2.61532829278867,-4.34036732398661,-2.60686223633089,-4.54064183965635
-2.60686223633089,-4.54064183965635,-2.62112636635719,-4.58533411844983
-2.62112636635719,-4.58533411844983,-2.57808303673411,-4.71448457466046
-2.57808303673411,-4.71448457466046,-2.67627897795202,-4.62118802162649
-2.56419450343211,-4.87423589317111,-2.50969305795597,-4.95422628800702
-2.50969305795597,-4.95422628800702,-2.62234367715875,-4.89310263633861
-2.62234367715875,-4.89310263633861,-2.5886688823026,-5.00976370757018
-3.44164671302328,-3.62151213528358,-3.48540947009841,-3.46569596305723
-3.48540947009841,-3.46569596305723,-3.64219557436593,-3.50360769574774
-3.64219557436593,-3.50360769574774,-3.72050644939264,-3.43735536646344
-3.72050644939264,-3.43735536646344,-3.74067443282036,-3.29097136326992
-3.89936020536511,-3.37686208375352,-3.8853056914013,-3.36075157335466
-3.8853056914013,-3.36075157335466,-3.99463836370609,-3.36817265706731
-4.22543395728726,-3.22708154109873,-4.29123473137634,-3.20095069842128
-4.29123473137634,-3.20095069842128,-4.27473188601498,-3.11847446892683
-4.53736905884365,-3.12162067231271,-4.51424724812223,-3.06011266064474
-4.51424724812223,-3.06011266064474,-4.61112323152102,-2.90554306627798
-4.61112323152102,-2.90554306627798,-4.75234291752169,-3.01896715683012
-4.75234291752169,-3.01896715683012,-4.82306094971475,-2.93713974886084
-4.82306094971475,-2.93713974886084,-4.86209838699048,-2.8895480661807
0.917925955816523,0.964948778816897,0.872008319693288,1.00057705973685
0.872008319693288,1.00057705973685,0.813521079983789,1.01679703417548
0.813521079983789,1.01679703417548,0.75403273031112,1.0631349684396
0.75403273031112,1.0631349684396,0.743130900698979,1.08273759435068
0.743130900698979,1.08273759435068,0.719543291283988,1.13059186147483
0.719543291283988,1.13059186147483,0.604935056709469,1.16755540090403
0.604935056709469,1.16755540090403,0.625146246517928,1.19468048959219
0.625146246517928,1.19468048959219,0.631658574973506,1.32178857636405
0.631658574973506,1.32178857636405,0.600244640751165,1.35189745616536
0.600244640751165,1.35189745616536,0.477303136634961,1.42292958884719
0.477303136634961,1.42292958884719,0.410451228595803,1.50074442905545
0.917925955816523,0.964948778816897,0.885835568846096,1.03444968760403
0.885835568846096,1.03444968760403,0.920888766377811,1.04773059102435
0.920888766377811,1.04773059102435,0.885803740699075,1.13762275840568
0.885803740699075,1.13762275840568,0.830990334594604,1.11702707184389
0.830990334594604,1.11702707184389,0.88676919611887,1.27974299633688
0.88676919611887,1.27974299633688,0.87038971362832,1.26285126804123
0.87038971362832,1.26285126804123,0.801948981741205,1.35507229167374
0.801948981741205,1.35507229167374,0.890835298660618,1.42138180789895
0.890835298660618,1.42138180789895,0.822735905528862,1.4713600758072
0.822735905528862,1.4713600758072,0.73022479075804,1.57899492458263
1.55525252673143,2.22680280535297,1.48084944640771,2.27105911364708
1.48084944640771,2.27105911364708,1.45161863534627,2.33457784993669
1.34452309971417,2.48572726208835,1.31397416916,2.56753235418656
1.31397416916,2.56753235418656,1.22480376336254,2.61786943329378
1.22480376336254,2.61786943329378,1.07998797054827,2.72988444919558
1.07998797054827,2.72988444919558,1.13519569033951,2.79473153420425
1.13519569033951,2.79473153420425,1.01552408691409,2.85386393677133
2.52678527898999,1.15539439969421,2.56626613710929,1.15320240161033
2.56626613710929,1.15320240161033,2.58019072934627,1.22842591049915
2.58019072934627,1.22842591049915,2.52964650346723,1.207286111679
2.52964650346723,1.207286111679,2.52824067321545,1.29052242935539
2.52824067321545,1.29052242935539,2.56193162623729,1.36161789877615
2.56193162623729,1.36161789877615,2.6447758253975,1.36910865686769
2.6447758253975,1.36910865686769,2.6294991681835,1.47086190778676
2.6294991681835,1.47086190778676,2.60146369419949,1.49601319668053
2.60146369419949,1.49601319668053,2.6715090790024,1.52850052782558
2.6715090790024,1.52850052782558,2.7246020409803,1.6874210886649
2.7246020409803,1.6874210886649,2.67378403720298,1.68436625802834
2.67378403720298,1.68436625802834,2.69944896164656,1.83075730345997
2.69944896164656,1.83075730345997,2.76916143342783,1.93747795103696
2.76916143342783,1.93747795103696,2.87093410478868,1.97662085437025
2.87093410478868,1.97662085437025,2.87199947547947,2.08219917233731
2.87199947547947,2.08219917233731,2.87499733212213,2.1738165888672
2.87499733212213,2.1738165888672,2.88533812589199,2.25543455859412
2.8645908043649,2.43857948539449,3.03192176087118,2.47534909224193
3.03192176087118,2.47534909224193,3.05167248508255,2.57613932008695
3.05167248508255,2.57613932008695,3.02363233969084,2.60125927998165
3.2192506793996,1.08561999964846,3.22503214720532,1.09398581798573
3.22503214720532,1.09398581798573,3.28381081256819,1.04677599689429
3.28381081256819,1.04677599689429,3.38582890041721,1.00415207076461
3.38582890041721,1.00415207076461,3.47391371707221,1.0287432343571
3.66065124786976,0.961536572976748,3.65321583238776,0.99457285488111
3.65321583238776,0.99457285488111,3.79968446049298,0.980436587782562
3.37780258722025,-1.6378487172488,3.36398586821534,-1.65233223959298
3.48637609591119,-1.44595073195705,3.52277371931765,-1.40283052459226
3.64522584806197,-1.180880103386,3.66579581836712,-1.12578054012649
3.66579581836712,-1.12578054012649,3.69117054606846,-0.961941581471235
3.69117054606846,-0.961941581471235,3.75211927426581,-0.823814530437695
3.75211927426581,-0.823814530437695,3.7812701269112,-0.785046881126591
3.7812701269112,-0.785046881126591,3.77581297981991,-0.85683934395891
3.84417162016786,-0.543465119277057,3.88507160017067,-0.56930973020659
3.88507160017067,-0.56930973020659,3.89229468960147,-0.425183467145557
3.89229468960147,-0.425183467145557,3.93326120691972,-0.448118733115049
3.93326120691972,-0.448118733115049,4.00638262115425,-0.363386796856794
4.00638262115425,-0.363386796856794,4.00245179790754,-0.270140703705802
4.00245179790754,-0.270140703705802,4.07388302438053,-0.126821086920452
4.07388302438053,-0.126821086920452,4.13660640395433,-0.102276538129939
4.13660640395433,-0.102276538129939,4.2218077584849,-0.0444617567336439
3.37780258722025,-1.6378487172488,3.37598624004942,-1.62213515877161
3.37598624004942,-1.62213515877161,3.46704790923389,-1.51969398624944
3.46704790923389,-1.51969398624944,3.50071626799218,-1.46917536113251
3.50071626799218,-1.46917536113251,3.58887817612866,-1.42986238716364
3.58887817612866,-1.42986238716364,3.63039273838884,-1.2467935233982
3.63039273838884,-1.2467935233982,3.71358939500859,-1.16661449660599
3.71358939500859,-1.16661449660599,3.79356272190159,-1.1378431663983
3.79356272190159,-1.1378431663983,3.74430625214751,-1.11121862082002
3.74430625214751,-1.11121862082002,3.90296656833721,-1.00092082939547
3.73477792546251,-1.82787802984609,3.78214222999674,-1.88500467165924
3.78214222999674,-1.88500467165924,3.87269177595285,-1.78076335595681
3.87269177595285,-1.78076335595681,4.0640309443261,-1.81237701236615
4.0640309443261,-1.81237701236615,4.11897545579054,-1.74479917519716
4.78020542277698,-2.73147432234975,4.83769377898361,-2.77149351943355
4.83769377898361,-2.77149351943355,4.90696431089762,-2.8285665310267
4.90696431089762,-2.8285665310267,4.91562083169307,-3.00457999021992
4.91562083169307,-3.00457999021992,5.06272018437592,-3.05520391850872
5.06272018437592,-3.05520391850872,5.17545189513567,-3.1927811514603
4.78020542277698,-2.73147432234975,4.80713848303166,-2.58887431725197
4.80713848303166,-2.58887431725197,4.91770068152013,-2.61477010790056
5.09093628069664,-2.55578421923919,5.12237523458777,-2.52860483601958
5.12237523458777,-2.52860483601958,5.32289844820284,-2.48272432367354
5.32289844820284,-2.48272432367354,5.36019765927574,-2.4381356753051
5.36019765927574,-2.4381356753051,5.46106999829014,-2.41706797231491
5.64971366861885,-2.36230192232863,5.59456129245855,-2.19152855650422
5.79385627736854,-2.37540003029365,5.81519253460979,-2.20592011972238
5.81519253460979,-2.20592011972238,5.91018878386854,-2.22941645915431
5.91018878386854,-2.22941645915431,6.03556352527642,-2.18219450843226
6.03556352527642,-2.18219450843226,6.11779752669522,-2.0559603595438
6.11779752669522,-2.0559603595438,6.23547512399186,-2.03495275990979
2.83487501885349,-3.34233307082884,3.00643485855849,-3.34857561135777
3.00643485855849,-3.34857561135777,3.04283388895813,-3.3851674602281
3.04283388895813,-3.3851674602281,3.09024775336203,-3.5220159111938
2.83487501885349,-3.34233307082884,2.82581590745701,-3.39190914911841
2.82581590745701,-3.39190914911841,2.88504745746054,-3.48198980058402
2.88504745746054,-3.48198980058402,2.93464328256789,-3.55911776117746
2.99169523033181,-3.74771182856974,3.0495965586772,-3.74261685628884
3.0495965586772,-3.74261685628884,3.10796275672486,-3.88130427197239
3.10796275672486,-3.88130427197239,3.1123059087092,-3.94255309663341
3.1123059087092,-3.94255309663341,3.16190147328708,-4.03437768276797
3.16190147328708,-4.03437768276797,3.17002991744401,-4.09862833502411
3.17002991744401,-4.09862833502411,3.23168659405464,-4.16533729627853
3.23168659405464,-4.16533729627853,3.24380272465594,-4.30082777455239
1.999393095445,-3.51339650769527,1.99540621464965,-3.57491509790716
1.99540621464965,-3.57491509790716,2.11326965368968,-3.60588676348537
2.11326965368968,-3.60588676348537,2.16031929767626,-3.7713421144122
2.16031929767626,-3.7713421144122,2.17172584055326,-3.74163997076329
2.17172584055326,-3.74163997076329,2.23572793809103,-3.83496271595276
2.32807032842887,-3.99472625786537,2.41082886796757,-4.01264446194689
2.41082886796757,-4.01264446194689,2.4762575119485,-4.14353792069995
2.4762575119485,-4.14353792069995,2.46171046658516,-4.21526521288321
2.46171046658516,-4.21526521288321,2.58720096050962,-4.30775185910566
2.58720096050962,-4.30775185910566,2.65906161576207,-4.31023173596877
1.999393095445,-3.51339650769527,1.94178633678819,-3.6076966446197
1.94178633678819,-3.6076966446197,1.95281559586581,-3.72181759492504
1.95281559586581,-3.72181759492504,1.97062201112487,-3.79740301229456
1.97062201112487,-3.79740301229456,1.98997554927804,-3.83259688706994
1.98997554927804,-3.83259688706994,1.94461111118473,-3.93395052069983
1.94461111118473,-3.93395052069983,1.96991871592283,-4.05958090703738
1.96991871592283,-4.05958090703738,1.98419741705425,-4.16017725759566
1.98419741705425,-4.16017725759566,1.98864810392813,-4.26685653137571
1.98864810392813,-4.26685653137571,1.97011010941092,-4.37615418026716
1.97011010941092,-4.37615418026716,2.05318724329149,-4.46199569114949
2.05318724329149,-4.46199569114949,1.97537787711995,-4.5215011174721
1.97537787711995,-4.5215011174721,2.12477720586366,-4.64279527867256
2.12477720586366,-4.64279527867256,1.99395582197457,-4.7139903494622
1.99395582197457,-4.7139903494622,2.07560318710416,-4.84569986558067
2.07560318710416,-4.84569986558067,2.00468419046076,-4.93734148892025
2.00468419046076,-4.93734148892025,2.07728279991919,-5.00440112354366
2.07728279991919,-5.00440112354366,2.09310639498406,-5.14857801505403
2.09310639498406,-5.14857801505403,2.04373182439431,-5.30788441642002
2.04373182439431,-5.30788441642002,2.14078954851012,-5.39942259679928
2.14078954851012,-5.39942259679928,2.17177833490717,-5.45617072143453
-2.5886688823026,-5.00976370757018,-2.53475928453779,-5.07814264994199
-2.53475928453779,-5.07814264994199,-2.50663068052614,-5.17187825853193
-2.50663068052614,-5.17187825853193,-2.53052054752009,-5.26914326515244
-2.53052054752009,-5.26914326515244,-2.46362021641741,-5.32311619411287
-2.46362021641741,-5.32311619411287,-2.50580668719422,-5.30675773868096
-2.50580668719422,-5.30675773868096,-2.48503791968983,-5.3935349107436
-2.48503791968983,-5.3935349107436,-2.53887360433568,-5.43874786638703
-2.45460785913555,-5.6360354609678,-2.49193199051502,-5.74509748831372
-2.49193199051502,-5.74509748831372,-2.49343132270209,-5.69431214136525
-2.49343132270209,-5.69431214136525,-2.56003580557843,-5.76988120327642
-2.56003580557843,-5.76988120327642,-2.56166832947358,-5.95948590257518
-2.56166832947358,-5.95948590257518,-2.54479186458997,-6.0528723224399
-2.54479186458997,-6.0528723224399,-2.58067078583263,-6.08447876614174
-2.58067078583263,-6.08447876614174,-2.63963960775121,-6.24199314626155
-2.63963960775121,-6.24199314626155,-2.73303619314422,-6.32199017526434
-2.5886688823026,-5.00976370757018,-2.57343319123043,-4.9837449953428
-2.57343319123043,-4.9837449953428,-2.65179194303103,-5.04857932617162
-2.65179194303103,-5.04857932617162,-2.73292544253412,-4.98899401495242
-2.73292544253412,-4.98899401495242,-2.67853960320558,-5.12139233399531
-2.67853960320558,-5.12139233399531,-2.79934717023369,-5.0108582618478
-2.79934717023369,-5.0108582618478,-2.8203552387233,-5.1257455541894
-2.8203552387233,-5.1257455541894,-2.92195332754406,-5.10275008917454
-3.44164671302328,-3.62151213528358,-3.5296420052311,-3.55855123924135
-3.5296420052311,-3.55855123924135,-3.58503081389851,-3.62404526497682
-3.58503081389851,-3.62404526497682,-3.66451673965581,-3.75346302872366
-3.66451673965581,-3.75346302872366,-3.77913718217112,-3.74619665357102
-3.77913718217112,-3.74619665357102,-3.88896573237058,-3.84792074876231
-3.88896573237058,-3.84792074876231,-3.95913884320194,-3.91241980715232
-3.95913884320194,-3.91241980715232,-3.92014836703629,-3.92998501270994
-3.92014836703629,-3.92998501270994,-4.05204255284461,-4.03804469004294
-4.05204255284461,-4.03804469004294,-4.19392988268032,-4.07071935311387
-4.19392988268032,-4.07071935311387,-4.14158193742937,-4.13344988906348
-4.86209838699048,-2.8895480661807,-5.015908851516,-2.91393246146554
-5.015908851516,-2.91393246146554,-5.02227749962925,-2.96255334078163
-5.02227749962925,-2.96255334078163,-5.13077255946363,-3.14390469823962
-5.13077255946363,-3.14390469823962,-5.24657252989187,-3.18332044838949
-5.24657252989187,-3.18332044838949,-5.2179668606165,-3.1759809148896
-5.42053398542138,-3.28524430838968,-5.43178091249575,-3.30412359553473
-5.43178091249575,-3.30412359553473,-5.53312660234101,-3.37197344077157
-4.86209838699048,-2.8895480661807,-4.99066524337314,-2.80488048762091
-4.99066524337314,-2.80488048762091,-5.05967438775426,-2.80307999335861
-5.05967438775426,-2.80307999335861,-5.13453873578999,-2.76105476859976
-5.35491037442857,-2.67364436433295,-5.32240522613546,-2.5895801722734
-5.32240522613546,-2.5895801722734,-5.42895649603322,-2.63741660054756
-5.42895649603322,-2.63741660054756,-5.51692535786766,-2.44299584406668
-5.51692535786766,-2.44299584406668,-5.60455036617869,-2.47725122742792
0.691301396298004,-4.51492033376455,0.701944206103763,-4.44748576031337
0.701944206103763,-4.44748576031337,0.682136695864997,-4.5988525478448
0.682136695864997,-4.5988525478448,0.635998845846223,-4.71242619111219
0.635998845846223,-4.71242619111219,0.677770520126037,-4.74571912291116
-0.589593224884423,-5.894709156555,-0.544903036527759,-5.91416956807381
-0.544903036527759,-5.91416956807381,-0.53521635986469,-5.98536128615588
-0.53521635986469,-5.98536128615588,-0.446111839462278,-5.89729651190454
-0.446111839462278,-5.89729651190454,-0.319904977461797,-5.95043086535501
-0.319904977461797,-5.95043086535501,-0.338580474833888,-6.10348160004293
-0.338580474833888,-6.10348160004293,-0.370713910657206,-6.10977660259284
-0.370713910657206,-6.10977660259284,-0.243546556042884,-6.11178604887491
-0.243546556042884,-6.11178604887491,-0.265740792019329,-6.17617993031744
-0.265740792019329,-6.17617993031744,-0.143784886217508,-6.32451465502297
-0.143784886217508,-6.32451465502297,-0.0820351186752589,-6.42858181072674
-0.0820351186752589,-6.42858181072674,-0.102069331852233,-6.49800478920602
0.0994540909585608,-6.46711156048145,-0.0104056708065063,-6.54104176736796
0.13274551397174,-6.69566148919278,0.217540124515722,-6.74186375250155
0.217540124515722,-6.74186375250155,0.316296840224212,-6.81822510327861
0.316296840224212,-6.81822510327861,0.235503222556822,-6.94928394763353
-1.03129000371093,-6.31875573692514,-1.08822813592407,-6.38430071658705
-1.08822813592407,-6.38430071658705,-1.21993233761319,-6.46488112562367
-1.21993233761319,-6.46488112562367,-1.28232312192132,-6.49747247661695
-1.03129000371093,-6.31875573692514,-1.00774623233085,-6.40663552234164
-1.00774623233085,-6.40663552234164,-0.922973397889706,-6.5409257862265
-0.922973397889706,-6.5409257862265,-0.949935612836202,-6.59817634558233
-0.949935612836202,-6.59817634558233,-0.863093298665133,-6.67046793096628
-0.863093298665133,-6.67046793096628,-0.948431400096654,-6.83733421856308
-0.948431400096654,-6.83733421856308,-0.87595876158373,-6.90782744191067
-0.87595876158373,-6.90782744191067,-0.898318453117991,-6.99720783504617
-2.07973372650924,0.853467218480682,-2.10335325873844,0.815619443695922
-2.10335325873844,0.815619443695922,-2.22547803598363,0.835984207840692
-2.22547803598363,0.835984207840692,-2.24999276242269,0.870801926588587
-2.24999276242269,0.870801926588587,-2.41055754904715,0.959371055431484
-2.41055754904715,0.959371055431484,-2.48120273603132,1.00320581229872
-2.48120273603132,1.00320581229872,-2.56636456696641,1.03254800068813
-2.56636456696641,1.03254800068813,-2.6298159006721,1.04318910996343
-2.6298159006721,1.04318910996343,-2.70574543127193,1.05814458037113
-2.70574543127193,1.05814458037113,-2.7873124895175,1.19034212315872
-2.7873124895175,1.19034212315872,-2.81714568017539,1.18494232134243
-2.81714568017539,1.18494232134243,-2.90255168060469,1.23331343702498
-2.90255168060469,1.23331343702498,-2.97359650602712,1.2591064758912
-2.97359650602712,1.2591064758912,-3.02976307242926,1.36204168387088
-3.02976307242926,1.36204168387088,-3.21101285903458,1.40080087120688
-3.21101285903458,1.40080087120688,-3.32935217590346,1.52792301766178
-3.32935217590346,1.52792301766178,-3.38456113884639,1.50285161101994
-3.38456113884639,1.50285161101994,-3.49322532078898,1.62735916826074
-3.49322532078898,1.62735916826074,-3.65517030289775,1.67981077455806
-2.07973372650924,0.853467218480682,-2.05972133743468,0.922765363237174
-2.05972133743468,0.922765363237174,-2.15074851447555,0.973472002601091
-2.15074851447555,0.973472002601091,-2.11431367410482,1.03620759106794
-1.5116305226122,0.768601976165339,-1.58799399555469,0.862464880442604
-1.58799399555469,0.862464880442604,-1.61449385049035,0.809454719336766
-1.61449385049035,0.809454719336766,-1.6895710553457,0.989935497312084
-1.6895710553457,0.989935497312084,-1.71015659321462,1.07535402290241
-1.71015659321462,1.07535402290241,-1.8784908898844,1.13392698428964
-1.4409718229221,0.686568212692965,-1.36148627156772,0.698190968840306
-1.36148627156772,0.698190968840306,-1.34163070086303,0.815680960187739
-1.4062312934815,0.987193581023003,-1.33524233590179,0.992627680161131
-1.45968674928785,1.25085008834359,-1.39069798724753,1.27235167336766
-1.39069798724753,1.27235167336766,-1.33600615941367,1.34478513569627
-1.33600615941367,1.34478513569627,-1.37866513110646,1.53743574880674
-1.37866513110646,1.53743574880674,-1.25948997364069,1.59615394232035
-1.25948997364069,1.59615394232035,-1.21438121356228,1.68737200176653
-1.21438121356228,1.68737200176653,-1.16499253100196,1.78722752447815
-1.16499253100196,1.78722752447815,-1.24283658403034,1.89421305584879
-1.24283658403034,1.89421305584879,-1.17891839412908,2.04223379014078
-1.17891839412908,2.04223379014078,-1.18384921774114,2.12808689820318
0.724189318013252,-4.10211074454697,0.728203657011939,-4.25630550827308
0.27784985040552,-0.144118667350513,0.327008159059703,-0.151949483734078
0.327008159059703,-0.151949483734078,0.37322264698965,-0.281926770963231
0.905245806969583,-3.63020594528992,0.808631130761564,-3.614935711006
0.808631130761564,-3.614935711006,0.735314224344095,-3.64558674296031
0.370256672154586,0.112020105724434,0.434400185324761,0.215112964282113
0.705538327476181,0.585938378031442,0.771981880273029,0.657336957607372
3.10400691365917,-1.83993369161353,3.24019284208227,-1.76110448532936
3.24019284208227,-1.76110448532936,3.37780258722025,-1.6378487172488
-2.4437835373589,-3.64510290389888,-2.50334221049436,-3.68244311645489
-2.50334221049436,-3.68244311645489,-2.55906101132651,-3.82450170202202
-3.99463836370609,-3.36817265706731,-4.10276037292743,-3.2695402776034
-4.10276037292743,-3.2695402776034,-4.22543395728726,-3.22708154109873
3.47391371707221,1.0287432343571,3.57972601093741,0.993013411079096
3.57972601093741,0.993013411079096,3.66065124786976,0.961536572976748
4.91770068152013,-2.61477010790056,5.06133492950142,-2.54888180229898
5.06133492950142,-2.54888180229898,5.09093628069664,-2.55578421923919
5.46106999829014,-2.41706797231491,5.53075826079816,-2.35522277926365
5.53075826079816,-2.35522277926365,5.64971366861885,-2.36230192232863
2.23572793809103,-3.83496271595276,2.1668271578718,-3.86326161534751
-1.4409718229221,0.686568212692965,-1.51136988970108,0.754735506609535
-1.51136988970108,0.754735506609535,-1.5116305226122,0.768601976165339
1.44268710496131,-3.35255638289433,1.32872509953419,-3.42016903044285
1.32872509953419,-3.42016903044285,1.19698208073514,-3.49651807720681
1.13221884193837,-3.51895048850549,0.963153437179471,-3.60264314769022
0.963153437179471,-3.60264314769022,0.943599897851863,-3.62224589892876
0.434400185324761,0.215112964282113,0.49707591333736,0.312536502489403
0.49707591333736,0.312536502489403,0.592156174464132,0.447259009610927
2.38158193946721,-2.27687357577978,2.43553494888755,-2.24357707414027
2.43553494888755,-2.24357707414027,2.59180140805293,-2.19295166452381
-2.4437835373589,-3.64510290389888,-2.52865787088563,-3.59898500998514
-2.52865787088563,-3.59898500998514,-2.53451629440731,-3.62249376541133
3.05612645715104,-1.96636070469123,3.15276667577136,-1.90756768926704
3.15276667577136,-1.90756768926704,3.28034878569993,-1.81423529044627
1.47136174590148,1.85784216039638,1.4519752635844,1.95324019163868
1.4519752635844,1.95324019163868,1.49089244572611,2.00052597540886
2.94468744875456,-2.03115404006173,3.05174706497951,-1.93938934047855
3.05174706497951,-1.93938934047855,3.10400691365917,-1.83993369161353
-1.51196797241406,0.67319262832786,-1.63912480522542,0.744838360198996
-1.63912480522542,0.744838360198996,-1.75428192948813,0.753507378853661
-2.55906101132651,-3.82450170202202,-2.57103994547372,-3.91448524852052
3.36398586821534,-1.65233223959298,3.38111853237932,-1.55092874521205
3.38111853237932,-1.55092874521205,3.48637609591119,-1.44595073195705
2.07690592939176,-2.06862809935755,2.12434164330567,-2.1213311460372
2.12434164330567,-2.1213311460372,2.18276511772722,-2.18979042226009
0.672934495137053,-3.83348577563352,0.665692501751126,-3.74121579320938
0.665692501751126,-3.74121579320938,0.549200833539201,-3.68969387527344
0.695098098989633,-3.86745705236537,0.669915473514515,-3.94061431581009
0.669915473514515,-3.94061431581009,0.730870942324062,-4.07037155921526
-1.20042447359357,0.558684593569882,-1.3088257687871,0.609996301239943
-1.3088257687871,0.609996301239943,-1.34594466017855,0.709345055227887
1.13092792846159,0.911674760065688,1.28515219347017,0.975539547694739
1.28515219347017,0.975539547694739,1.46810684402143,1.06244136218812
0.724189318013252,-4.10211074454697,0.679182558553436,-4.24868518626382
0.679182558553436,-4.24868518626382,0.631640149678179,-4.42640955793023
1.50517812170745,2.08346950996837,1.47112362880663,2.18185940274625
1.47112362880663,2.18185940274625,1.55525252673143,2.22680280535297
2.93464328256789,-3.55911776117746,2.91991663893511,-3.58094093048417
2.91991663893511,-3.58094093048417,2.99169523033181,-3.74771182856974
2.17177833490717,-5.45617072143453,2.08562053706485,-5.571981085231
2.08562053706485,-5.571981085231,2.18045516069974,-5.69350099039949
-0.0104056708065063,-6.54104176736796,0.0508707362629484,-6.65328470862432
0.0508707362629484,-6.65328470862432,0.13274551397174,-6.69566148919278
0.340576585153429,-0.0778709962708107,0.324177935384499,-0.00234978690035735
0.324177935384499,-0.00234978690035735,0.370256672154586,0.112020105724434
2.18276511772722,-2.18979042226009,2.21982488327067,-2.23022257630273
2.21982488327067,-2.23022257630273,2.23743135861569,-2.28467856032186
1.84841040594764,-3.00606954882978,1.80583452544996,-3.05596578647624
1.80583452544996,-3.05596578647624,1.71165831778929,-3.12335214589318
1.71165831778929,-3.12335214589318,1.64258248997637,-3.20207521882603
-2.16723988529727,-3.3307540262387,-2.19921884113614,-3.26816013494029
-2.19921884113614,-3.26816013494029,-2.25975732719138,-3.28058508864401
-2.38810050001929,-3.49315417219096,-2.4437835373589,-3.64510290389888
1.69266386690878,1.15679862150036,1.81574003890816,1.13564549493888
1.81574003890816,1.13564549493888,2.01885019589405,1.13819248982179
0.601994296481805,-4.73568911654756,0.556167721490006,-4.7963959422871
-0.828228646999738,-6.09339517257465,-0.869151137388716,-6.13123808707801
-0.869151137388716,-6.13123808707801,-1.0109057996331,-6.14066619626657
-2.67627897795202,-4.62118802162649,-2.58134674852925,-4.82142783461296
-2.58134674852925,-4.82142783461296,-2.56419450343211,-4.87423589317111
-0.354979863764413,-2.9833747987418,-0.524371509342277,-2.90931043119146
0.771981880273029,0.657336957607372,0.877655895518066,0.764902218648759
0.877655895518066,0.764902218648759,1.02990555732332,0.817978562140472
0.290990868494365,-5.14955450005873,0.264705269630407,-5.23741470593566
0.264705269630407,-5.23741470593566,0.147636723398516,-5.36336195572663
3.77581297981991,-0.85683934395891,3.82982836031048,-0.665541459777985
3.82982836031048,-0.665541459777985,3.84417162016786,-0.543465119277057
0.728203657011939,-4.25630550827308,0.698769668972622,-4.40109218023065
0.698769668972622,-4.40109218023065,0.691301396298004,-4.51492033376455
-1.03755726741275,-2.73590573944062,-1.17733092713381,-2.76378697876178
-1.9074815407543,-3.07172559493672,-2.00674685296275,-3.17760963723611
1.96062480201454,-1.93735576752234,2.01585552712772,-2.02414447981927
2.01585552712772,-2.02414447981927,2.07690592939176,-2.06862809935755
1.98808658817724,-2.72890308516007,1.98172653589091,-2.81205785333475
1.98172653589091,-2.81205785333475,1.88214936739117,-2.91480436947744
0.529264657554069,-3.65544171466132,0.490193778383531,-3.60577666032809
0.490193778383531,-3.60577666032809,0.370801554275207,-3.48076493040663
-0.524371509342277,-2.90931043119146,-0.668274668279353,-2.81546771066607
-0.668274668279353,-2.81546771066607,-0.814479482859156,-2.7588510657148
1.48094544513678,1.06390042320803,1.5822121907106,1.13842825064812
1.5822121907106,1.13842825064812,1.69266386690878,1.15679862150036
2.94468744875456,-2.03115404006173,3.04240070315352,-1.96558064065473
3.04240070315352,-1.96558064065473,3.12348051325251,-1.89624167004888
2.56450838127161,-3.2319232579105,2.66148432676282,-3.17678085101522
2.66148432676282,-3.17678085101522,2.74597544805118,-3.17582697684766
0.73022479075804,1.57899492458263,0.660578673302632,1.69947585853049
0.660578673302632,1.69947585853049,0.646304857061857,1.78041377146714
-1.33524233590179,0.992627680161131,-1.31151657135968,1.06538134963418
-1.31151657135968,1.06538134963418,-1.26868481567116,1.13720998178957
0.527009827597364,-0.526277458523688,0.644782737827403,-0.620857172559107
1.76597754105142,-1.76353511584547,1.85431732822895,-1.86561589064183
1.85431732822895,-1.86561589064183,1.96062480201454,-1.93735576752234
0.37322264698965,-0.281926770963231,0.387209606336512,-0.315377895294095
0.387209606336512,-0.315377895294095,0.456436064036775,-0.374682114758286
-2.60326541260187,-4.10955570465152,-2.64376721749473,-4.16856253538169
-2.64376721749473,-4.16856253538169,-2.61532829278867,-4.34036732398661
-4.27473188601498,-3.11847446892683,-4.42988738206127,-3.11582734996841
-4.42988738206127,-3.11582734996841,-4.53736905884365,-3.12162067231271
3.52277371931765,-1.40283052459226,3.58696866085887,-1.27108337752119
3.58696866085887,-1.27108337752119,3.64522584806197,-1.180880103386
0.203694095298359,-3.34736053605637,0.0716614297680542,-3.30117143780886
0.0716614297680542,-3.30117143780886,-0.0678637697120348,-3.15175584433134
0.458330158159171,-5.00379101027963,0.386160780362804,-5.08014579334872
0.386160780362804,-5.08014579334872,0.290990868494365,-5.14955450005873
-1.17733092713381,-2.76378697876178,-1.26053777650063,-2.79555646867713
-1.26053777650063,-2.79555646867713,-1.41039404394532,-2.83118899585575
-0.0678637697120348,-3.15175584433134,-0.194083094475588,-3.08753860600058
-0.194083094475588,-3.08753860600058,-0.354979863764413,-2.9833747987418
1.24694862960754,-1.25591069160847,1.37383312367285,-1.36946193345283
-1.41039404394532,-2.83118899585575,-1.55828720279075,-2.88895044115373
-1.55828720279075,-2.88895044115373,-1.70467572130058,-2.9437685101688
2.146956489306,1.16655257563669,2.23926704873017,1.18037387526938
2.23926704873017,1.18037387526938,2.36674528648347,1.16705073624908
2.54867862019991,-3.0084486062755,2.53996702075343,-3.09566744800851
2.53996702075343,-3.09566744800851,2.56450838127161,-3.2319232579105
1.45161863534627,2.33457784993669,1.42874817790935,2.37955982187876
1.42874817790935,2.37955982187876,1.34452309971417,2.48572726208835
5.59456129245855,-2.19152855650422,5.74361722157306,-2.28393625779984
5.74361722157306,-2.28393625779984,5.79385627736854,-2.37540003029365
-5.13453873578999,-2.76105476859976,-5.24023440878663,-2.69125373000092
-5.24023440878663,-2.69125373000092,-5.35491037442857,-2.67364436433295
-0.102069331852233,-6.49800478920602,-0.00617815207323556,-6.47371713961513
-0.00617815207323556,-6.47371713961513,0.0994540909585608,-6.46711156048145
-1.34163070086303,0.815680960187739,-1.38874589039363,0.891172966202297
-1.38874589039363,0.891172966202297,-1.4062312934815,0.987193581023003
-1.26868481567116,1.13720998178957,-1.36231361132212,1.1764946926161
-1.36231361132212,1.1764946926161,-1.45968674928785,1.25085008834359
0.456436064036775,-0.374682114758286,0.469186383144066,-0.482395170837628
0.469186383144066,-0.482395170837628,0.527009827597364,-0.526277458523688
-2.25975732719138,-3.28058508864401,-2.336339553711,-3.36602007957035
-2.336339553711,-3.36602007957035,-2.38810050001929,-3.49315417219096
0.644782737827403,-0.620857172559107,0.694340553128438,-0.707878540027549
0.694340553128438,-0.707878540027549,0.796804981610148,-0.776693011787205
0.970634694730053,-0.955077531884572,1.07435729887691,-1.10023849384834
2.62977709371874,-2.13922903701199,2.75332022774614,-2.08057941817444
2.75332022774614,-2.08057941817444,2.81973142383711,-2.05536492807379
0.0969959638698045,-5.40935789066552,-0.0117046504177497,-5.47900151557105
-0.0117046504177497,-5.47900151557105,-0.116744978432359,-5.52835670574248
-3.74067443282036,-3.29097136326992,-3.80400467832134,-3.32902808822402
-3.80400467832134,-3.32902808822402,-3.89936020536511,-3.37686208375352
2.88533812589199,2.25543455859412,2.86697746549512,2.3630448548674
2.86697746549512,2.3630448548674,2.8645908043649,2.43857948539449
-2.53887360433568,-5.43874786638703,-2.49202628742706,-5.52919164185922
-2.49202628742706,-5.52919164185922,-2.45460785913555,-5.6360354609678
-0.898318453117991,-6.99720783504617,-0.892295553624739,-7.09567788263515
-0.892295553624739,-7.09567788263515,-0.911668909535992,-7.20063472522662
-2.57103994547372,-3.91448524852052,-2.57404641622718,-4.03111503133845
-2.57404641622718,-4.03111503133845,-2.60326541260187,-4.10955570465152
1.64258248997637,-3.20207521882603,1.54303206744015,-3.27881249389643
1.54303206744015,-3.27881249389643,1.45567070728072,-3.36363452460093
0.556167721490006,-4.7963959422871,0.494171596730336,-4.88391748408595
0.494171596730336,-4.88391748408595,0.445021559907009,-4.98498280013675
-0.814479482859156,-2.7588510657148,-0.939693724788533,-2.76819649786832
-0.939693724788533,-2.76819649786832,-1.03755726741275,-2.73590573944062
-1.70467572130058,-2.9437685101688,-1.79960045755592,-3.01862775998687
-1.79960045755592,-3.01862775998687,-1.9074815407543,-3.07172559493672
-2.00674685296275,-3.17760963723611,-2.09823204633781,-3.22564728135992
-2.09823204633781,-3.22564728135992,-2.16723988529727,-3.3307540262387
1.49290552337806,-1.51605197055422,1.61232706830383,-1.60724055833568
1.61232706830383,-1.60724055833568,1.68356874667945,-1.65748139953026
1.68356874667945,-1.65748139953026,1.76597754105142,-1.76353511584547
4.03463216781876,-2.19271031924537,4.14257613244455,-2.18673264853191
4.14257613244455,-2.18673264853191,4.25621309813025,-2.17477454166168
-5.2179668606165,-3.1759809148896,-5.31380150678084,-3.2510735497785
-5.31380150678084,-3.2510735497785,-5.42053398542138,-3.28524430838968
2.1668271578718,-3.86326161534751,2.24795784118479,-3.91784479228527
2.24795784118479,-3.91784479228527,2.32807032842887,-3.99472625786537
0.796804981610148,-0.776693011787205,0.871982719381948,-0.879699542319106
0.871982719381948,-0.879699542319106,0.970634694730053,-0.955077531884572
1.07435729887691,-1.10023849384834,1.17257505584406,-1.17254742645733
1.17257505584406,-1.17254742645733,1.24694862960754,-1.25591069160847
1.37383312367285,-1.36946193345283,1.44032634806051,-1.41741052167796
1.44032634806051,-1.41741052167796,1.49290552337806,-1.51605197055422
