2.39698224310717
2.55283894700746
3.57065528646736
3.27467172925803
4.24507994592609
3.57317370525699
4.76911645877927
4.37546444153741
5.41130150776544
5.22646306042325
5.98910850158138
6.46310067675241
6.65835533386821
6.88627810040877
6.835573425357
7.69050528431373
7.4140242518294
8.15803043742323
7.66106711441188
8.72358310475542
7.95963030812963
10.2540386252539
10.6317903714256
11.3322845036265
11.6751569965627
13.5563475993824
14.0147935653952
14.4771865532377
15.992087924896
16.1122969415979
