1.99123190996365
2.15355905837722
2.25513669893359
1.50174995921754
3.82241378694789
1.85393788945147
3.53021881028941
2.79959128275099
4.06084479933291
2.98375623537424
4.04572514497635
4.22092027857879
4.88277023109102
4.67276726089122
5.25092055225464
4.39252050437576
5.58004882628925
6.26504152588788
4.61459666678057
6.28416093975128
4.93352303357779
6.7545298165762
6.70553623165912
7.35315221522591
7.0755858352539
5.89983250561246
5.81707396045815
6.92910823496186
6.3987525111393
6.02301426496791
