0.990418568648784,0.287859919985206,0.990418568648784,0.287859919985206
0.990418568648784,0.287859919985206,1.02129566271562,0.266753568468044
1.33040770725047,0.0846320823940299,1.32124348650853,0.106156539173202
1.33040770725047,0.0846320823940299,1.3948643071928,0.0788041721961173
3.41905881079977,-1.98255873094725,3.42250948945894,-2.05090331081125
-1.31997241181876,2.08470373526945,-1.3366490518485,2.09702870146821
1.34277410270535,0.193178520211626,1.30569805933633,0.254621827565413
1.53425335831162,0.199143505706716,1.51495020827499,0.234136570699029
1.53425335831162,0.199143505706716,1.57319081010974,0.318156048154745
3.51452087728472,-2.29917723609941,3.47986990271252,-2.46764249488177
-0.307473551215436,-3.41208157883493,-0.280643958667994,-3.48322207933701
1.02129566271562,0.266753568468044,1.09788096872669,0.245114794282105
1.09788096872669,0.245114794282105,1.11705137312629,0.260778224463482
1.11705137312629,0.260778224463482,1.14319968245431,0.233212166559266
1.14319968245431,0.233212166559266,1.20911376303406,0.20033185462855
1.20911376303406,0.20033185462855,1.2753857358286,0.179818141916399
1.2753857358286,0.179818141916399,1.25560272684177,0.158763196181045
1.25560272684177,0.158763196181045,1.30274368943846,0.119089896652458
1.30274368943846,0.119089896652458,1.33040770725047,0.0846320823940299
1.32124348650853,0.106156539173202,1.36441912311391,0.0622389297117436
1.36441912311391,0.0622389297117436,1.34326559771281,0.0430086738945015
1.34326559771281,0.0430086738945015,1.32361297641725,0.0477633612767867
1.32361297641725,0.0477633612767867,1.3096554476595,-0.0139882528925004
1.3096554476595,-0.0139882528925004,1.2983650461814,-0.00439566967022374
1.2983650461814,-0.00439566967022374,1.22669747329152,-0.0597564517277875
1.2983650461814,-0.00439566967022374,1.30551196000744,-0.0586426035608953
1.32124348650853,0.106156539173202,1.39971595495863,0.0665603436204062
1.39971595495863,0.0665603436204062,1.43817912627688,0.0653505915336146
1.43817912627688,0.0653505915336146,1.50880869979313,0.0325076644757304
1.50880869979313,0.0325076644757304,1.56603808087634,-0.00821351147298434
-1.48287304648339,-1.63420830107125,-1.47802091379537,-1.66646133691605
-1.5923464777033,-1.63755153167192,-1.5746917629781,-1.76855119400823
-1.5746917629781,-1.76855119400823,-1.63645879303839,-1.6438644154683
-1.63645879303839,-1.6438644154683,-1.63847500346748,-1.75989304753509
-1.63847500346748,-1.75989304753509,-1.63503784560843,-1.78100658369257
-1.63503784560843,-1.78100658369257,-1.72743232500841,-1.64722570068103
-1.72743232500841,-1.64722570068103,-1.71126399820072,-1.57725056460881
-1.71126399820072,-1.57725056460881,-1.75199090946695,-1.70844364410938
-1.75199090946695,-1.70844364410938,-1.80164485060427,-1.5473245168548
-1.80164485060427,-1.5473245168548,-1.81339559034031,-1.59953139297576
-1.81339559034031,-1.59953139297576,-1.84233141316852,-1.64604205608239
-1.84233141316852,-1.64604205608239,-1.81849109247503,-1.62563084482221
-1.81849109247503,-1.62563084482221,-1.87636121265614,-1.61004445422529
-1.87636121265614,-1.61004445422529,-1.94693057610335,-1.58437875583985
-1.94693057610335,-1.58437875583985,-1.92620287664326,-1.58801029941901
-1.92620287664326,-1.58801029941901,-2.06175698862892,-1.53428860205054
1.56603808087634,-0.00821351147298434,1.62405943390112,-0.0321952122534165
1.62405943390112,-0.0321952122534165,1.68016862763141,-0.0499441405671341
1.68016862763141,-0.0499441405671341,1.71530895016634,-0.0683881047794061
1.71530895016634,-0.0683881047794061,1.80904505194697,-0.122587858463943
1.80904505194697,-0.122587858463943,1.87559266617061,-0.103606623925283
2.30114597534229,-0.304288425803623,2.37559804287069,-0.324945957183778
2.5854499778668,-0.501452619266945,2.75525639084518,-0.611733527257851
3.37287661264303,-1.63445895525381,3.37940900373998,-1.79269275131125
3.37940900373998,-1.79269275131125,3.41905881079977,-1.98255873094725
-0.443207037804791,-2.75199867332804,-0.426909391550289,-2.77500260573087
-0.424193324363566,-2.88991442900155,-0.441523764673713,-2.97514115175761
-0.441523764673713,-2.97514115175761,-0.516721123313451,-2.92999111368555
-0.516721123313451,-2.92999111368555,-0.410867770807397,-2.98474080774256
-0.410867770807397,-2.98474080774256,-0.424735650000893,-3.09016389245696
-0.424735650000893,-3.09016389245696,-0.459151858905129,-3.10588665235913
-0.459151858905129,-3.10588665235913,-0.366718480628037,-3.14720191564138
-0.366718480628037,-3.14720191564138,-0.337956435936485,-3.208810578511
1.3948643071928,0.0788041721961173,1.4209082599732,0.132777774170608
1.4209082599732,0.132777774170608,1.41031346701851,0.160605525551245
1.41031346701851,0.160605525551245,1.46699684346259,0.113801261412033
0.990418568648784,0.287859919985206,1.02185318312684,0.278667914194526
0.926347898735695,0.209852182066766,0.895555711205927,0.225815716321292
1.00390065125473,-0.452594357317969,1.04401355259022,-0.465077337706015
-0.277313032066141,-2.53010354245939,-0.302076183586193,-2.52171399550302
1.56603808087634,-0.00821351147298434,1.60818252044696,0.0242109855758587
1.60818252044696,0.0242109855758587,1.75474659282285,-0.0352535615471068
1.75474659282285,-0.0352535615471068,1.77276246035707,-0.0268671433216595
1.77276246035707,-0.0268671433216595,1.8406880839364,-0.0435499328514358
1.8406880839364,-0.0435499328514358,1.99489034653079,-0.0740645541208626
1.99489034653079,-0.0740645541208626,2.09808185469867,-0.117111165913803
2.09808185469867,-0.117111165913803,2.24621900162494,-0.20245365120254
2.24621900162494,-0.20245365120254,2.33735434766659,-0.219570793226634
2.33735434766659,-0.219570793226634,2.42672844665984,-0.248541699795026
2.42672844665984,-0.248541699795026,2.53727707894375,-0.320819573501543
2.53727707894375,-0.320819573501543,2.61199493702693,-0.353181773801357
2.61199493702693,-0.353181773801357,2.74645805872317,-0.443456966808115
1.46699684346259,0.113801261412033,1.52070989549482,0.149052818046192
1.52070989549482,0.149052818046192,1.5075891664118,0.133838991052314
1.5075891664118,0.133838991052314,1.55066630198688,0.236929214014079
1.55066630198688,0.236929214014079,1.67619150606038,0.14986995233999
1.67619150606038,0.14986995233999,1.6957357314216,0.131055894667302
1.6957357314216,0.131055894667302,1.70685807208316,0.174451946469299
1.70685807208316,0.174451946469299,1.83947364568793,0.199675746427811
-0.907810394546893,-2.53224172273691,-0.850571958240599,-2.55922117379639
-0.850571958240599,-2.55922117379639,-0.810460293499025,-2.65074733029568
-0.810460293499025,-2.65074733029568,-0.85673137146754,-2.69394697434866
-0.85673137146754,-2.69394697434866,-0.871638777599032,-2.72743329401258
-0.871638777599032,-2.72743329401258,-0.893189385148562,-2.750362795191
-0.893189385148562,-2.750362795191,-0.896033982513304,-2.77345865332614
-0.896033982513304,-2.77345865332614,-0.905100072520322,-2.78255795067702
-0.905100072520322,-2.78255795067702,-0.97624213679977,-2.71889948767369
-0.97624213679977,-2.71889948767369,-0.93359947960118,-2.79374344333002
-0.93359947960118,-2.79374344333002,-0.933128975782256,-2.83399776553872
-0.933128975782256,-2.83399776553872,-1.00335144863887,-2.84737986872007
-1.32717079918103,1.96374338902173,-1.52791331206493,1.89066935426811
-1.52791331206493,1.89066935426811,-1.47085385720864,1.95163159229453
-1.47085385720864,1.95163159229453,-1.37448582462132,2.05739369734029
-1.37448582462132,2.05739369734029,-1.31997241181876,2.08470373526945
-0.337956435936485,-3.208810578511,-0.373663571205095,-3.28690023041486
-0.373663571205095,-3.28690023041486,-0.318082113607709,-3.3739723008059
-0.318082113607709,-3.3739723008059,-0.307473551215436,-3.41208157883493
1.46699684346259,0.113801261412033,1.50383993656002,0.146840852157504
1.50383993656002,0.146840852157504,1.52491045646146,0.204870746345779
1.52491045646146,0.204870746345779,1.53933491404625,0.214552814476776
1.53933491404625,0.214552814476776,1.53425335831162,0.199143505706716
1.02129566271562,0.266753568468044,1.04860337911908,0.275089991249529
1.04860337911908,0.275089991249529,1.07026563886,0.345395107159051
1.07026563886,0.345395107159051,1.05032239186439,0.403476804013527
1.05032239186439,0.403476804013527,1.04808268505975,0.522042427038856
1.04808268505975,0.522042427038856,1.09859483931757,0.633703082612409
1.02170884005001,0.890260156761597,1.02268896117168,0.896298842789836
1.02268896117168,0.896298842789836,0.984055838549758,0.941624829398869
0.984055838549758,0.941624829398869,0.93016574472118,1.1005926216687
0.93016574472118,1.1005926216687,0.885141896833701,1.24441673468542
-2.06175698862892,-1.53428860205054,-2.10996846338164,-1.53157171419788
-2.10996846338164,-1.53157171419788,-2.18316784150163,-1.48786065766327
-2.18316784150163,-1.48786065766327,-2.21642287752685,-1.53367861261582
-2.21642287752685,-1.53367861261582,-2.33187581727387,-1.44004509009139
-2.33187581727387,-1.44004509009139,-2.45711098277521,-1.39439552602692
-2.45711098277521,-1.39439552602692,-2.46847118056857,-1.35257988798703
-2.46847118056857,-1.35257988798703,-2.61548657924603,-1.42061060794215
-2.61548657924603,-1.42061060794215,-2.67195696123875,-1.28360732696348
-2.67195696123875,-1.28360732696348,-2.7680238386548,-1.33857289349975
-2.7680238386548,-1.33857289349975,-2.89283718384527,-1.34434783742247
-2.89283718384527,-1.34434783742247,-3.02960618351813,-1.24697846214207
-3.02960618351813,-1.24697846214207,-3.09440656044565,-1.27141873841073
-3.09440656044565,-1.27141873841073,-3.14389002394867,-1.18976992188214
-3.14389002394867,-1.18976992188214,-3.23283762776621,-1.16359070843791
-3.23283762776621,-1.16359070843791,-3.35748018085157,-1.19327272667145
-3.35748018085157,-1.19327272667145,-3.56228467241854,-1.2093551134016
-3.56228467241854,-1.2093551134016,-3.5772617829802,-1.16501596649473
-3.5772617829802,-1.16501596649473,-3.66017760646514,-1.06356030897521
-3.66017760646514,-1.06356030897521,-3.80995846108843,-1.15465775145441
-3.94034934902404,-1.05478199878711,-3.94149665932357,-1.03902004953787
-3.94149665932357,-1.03902004953787,-3.99620632314498,-1.03362430835107
2.90895358789657,-0.498597889802824,2.91801135495065,-0.568823630814146
2.91801135495065,-0.568823630814146,3.03051085828472,-0.623916426499531
3.03051085828472,-0.623916426499531,3.01308031023675,-0.57234170893846
3.01308031023675,-0.57234170893846,3.06880083893797,-0.638380593244411
3.2714709195042,-0.774904265082599,3.27059617341669,-0.758881356237065
3.27059617341669,-0.758881356237065,3.3438059762215,-0.824633532784049
3.3438059762215,-0.824633532784049,3.43958696833124,-0.850912745021785
3.43958696833124,-0.850912745021785,3.48156636794123,-0.825598543356659
3.48156636794123,-0.825598543356659,3.61568877605574,-0.865227434266779
3.61568877605574,-0.865227434266779,3.68274468939136,-0.905604545859382
3.68274468939136,-0.905604545859382,3.84108487976242,-0.91715925518501
-2.06175698862892,-1.53428860205054,-2.08327334243238,-1.71535000954284
-2.08327334243238,-1.71535000954284,-2.15781441813501,-1.69129402368185
-2.15781441813501,-1.69129402368185,-2.1412684814571,-1.81011132077587
-2.1412684814571,-1.81011132077587,-2.22654849688863,-1.86337272536928
-2.22654849688863,-1.86337272536928,-2.22529892978632,-2.01986541569337
-2.22529892978632,-2.01986541569337,-2.29148029342199,-2.10845943048483
-2.29148029342199,-2.10845943048483,-2.30988606575733,-2.07800263092265
-2.30988606575733,-2.07800263092265,-2.41203674147229,-2.22876072420417
-2.41203674147229,-2.22876072420417,-2.4912233708332,-2.21850459572108
-2.4912233708332,-2.21850459572108,-2.60716442387964,-2.29263272211493
-2.51547299738087,-2.48257498486354,-2.69263833836955,-2.50086420017069
-2.69263833836955,-2.50086420017069,-2.79096167985344,-2.61742307590492
-2.79096167985344,-2.61742307590492,-2.76264990961344,-2.63418750185052
-2.85289910116522,-2.81949109249739,-2.95233960368152,-2.8157609976484
-2.95233960368152,-2.8157609976484,-2.99827729500651,-2.8841391619915
-2.99827729500651,-2.8841391619915,-2.94341295022452,-2.96409428770274
-3.1353015972009,-3.16939941432356,-3.17642638243255,-3.16005820765742
-3.17642638243255,-3.16005820765742,-3.10380647837802,-3.29474865506076
-3.37241408805647,-3.3099406430461,-3.42830992112287,-3.41122055359511
-3.42830992112287,-3.41122055359511,-3.42920476826458,-3.48720591989124
3.41905881079977,-1.98255873094725,3.45002177356033,-2.13459840276057
3.45002177356033,-2.13459840276057,3.47195883198253,-2.17259931179823
3.47195883198253,-2.17259931179823,3.50489837556446,-2.13059250263034
3.50489837556446,-2.13059250263034,3.51452087728472,-2.29917723609941
-1.66186971076313,-0.503056738014148,-1.79726754710861,-0.496537188164497
-2.25091764961915,0.259447214225552,-2.25894010369952,0.338948987084734
-2.25894010369952,0.338948987084734,-2.29994379953897,0.497559257638424
1.3948643071928,0.0788041721961173,1.32914259671062,0.123525289401105
1.32914259671062,0.123525289401105,1.34691477614898,0.168923409629073
1.34691477614898,0.168923409629073,1.35264742586515,0.185299414461656
1.35264742586515,0.185299414461656,1.34277410270535,0.193178520211626
-2.29994379953897,0.497559257638424,-2.33635953234115,0.61268458164522
-2.33635953234115,0.61268458164522,-2.363234735545,0.573996420829886
-2.26113431111652,0.87037308348444,-2.3146478136967,0.943323708872765
-2.11358807496184,1.35105991817952,-2.18169001198742,1.35346489568476
-2.18169001198742,1.35346489568476,-2.15968498397395,1.47172585520813
-2.15968498397395,1.47172585520813,-2.17446662838839,1.55032635084797
-2.17446662838839,1.55032635084797,-2.13857995429392,1.5237177065708
-2.07317464790715,1.65952609420804,-2.06741450242777,1.75616959889037
-2.06741450242777,1.75616959889037,-2.01882020874381,1.86414960295865
-2.01882020874381,1.86414960295865,-2.02449061323553,1.88215359100191
-2.02449061323553,1.88215359100191,-2.10159210684053,1.83512106804734
-0.946689902504469,2.23700977133768,-0.854002570625463,2.24204680152086
-0.854002570625463,2.24204680152086,-0.813295267210153,2.33047545318002
-0.813295267210153,2.33047545318002,-0.701909553560969,2.32054187703778
-0.701909553560969,2.32054187703778,-0.783245159247687,2.35740171712944
-0.783245159247687,2.35740171712944,-0.657100009883112,2.3989694925711
-0.657100009883112,2.3989694925711,-0.610192042045284,2.38551392239565
-0.610192042045284,2.38551392239565,-0.527291812877143,2.42228982088259
-0.527291812877143,2.42228982088259,-0.607373699661945,2.47571798992708
-0.607373699661945,2.47571798992708,-0.539382211880399,2.53276012661151
-0.539382211880399,2.53276012661151,-0.456468356795014,2.5822143991326
0.746157026193155,1.53318538986313,0.713303827064021,1.60831466711978
0.713303827064021,1.60831466711978,0.815131535641454,1.54478155067164
0.815131535641454,1.54478155067164,0.819197442825593,1.59719400234841
0.819197442825593,1.59719400234841,0.794683360082929,1.65024537230339
1.34277410270535,0.193178520211626,1.32253095593286,0.292615126664443
1.32253095593286,0.292615126664443,1.32596250371519,0.260053096846443
1.32596250371519,0.260053096846443,1.34432845753758,0.410198665035823
1.34432845753758,0.410198665035823,1.32176058843352,0.328756449135456
1.37476679656223,0.466375022920731,1.36583384844276,0.611272110243543
1.36583384844276,0.611272110243543,1.33603295582455,0.562224355304001
1.83947364568793,0.199675746427811,1.73400791591309,0.190816372593226
1.73400791591309,0.190816372593226,1.84954297060716,0.269532693892389
1.84954297060716,0.269532693892389,1.75641590006724,0.338711318027458
1.75641590006724,0.338711318027458,1.7972880944456,0.391806222209797
1.78639494273674,0.608908788845911,1.80264775443076,0.576010576257482
1.80392994739336,0.731609378130745,1.82687559882122,0.838342207713257
1.82687559882122,0.838342207713257,1.75285265922026,0.894834685135352
1.75285265922026,0.894834685135352,1.65292184024453,1.05340009012191
1.65292184024453,1.05340009012191,1.71157647226257,1.11094502240942
1.71157647226257,1.11094502240942,1.72961362983833,1.25394397046465
1.83947364568793,0.199675746427811,1.90639982281531,0.204408329089303
1.90639982281531,0.204408329089303,2.03018666284573,0.198422114408793
2.03018666284573,0.198422114408793,2.09429400218619,0.305570603086829
2.09429400218619,0.305570603086829,2.06442939954231,0.337781099121117
2.06442939954231,0.337781099121117,2.17975701822796,0.373245159153387
2.17975701822796,0.373245159153387,2.18406269824831,0.477903896661432
2.74645805872317,-0.443456966808115,2.72806749780972,-0.436250499722364
2.72806749780972,-0.436250499722364,2.84769290447328,-0.480466147580215
2.84769290447328,-0.480466147580215,2.83337947854888,-0.452154964810487
2.83337947854888,-0.452154964810487,2.88889133308147,-0.389179153558017
2.88889133308147,-0.389179153558017,2.92471015266251,-0.36696699235498
2.92471015266251,-0.36696699235498,3.02992687604266,-0.32280785029442
3.02992687604266,-0.32280785029442,3.07007560425713,-0.260774321894639
3.07007560425713,-0.260774321894639,3.15488521529272,-0.264301119039424
3.15488521529272,-0.264301119039424,3.22110705287352,-0.197336732380899
3.22110705287352,-0.197336732380899,3.31969912697458,-0.155866530698847
3.31969912697458,-0.155866530698847,3.27308038474547,-0.10806725905094
3.84108487976242,-0.91715925518501,3.78547374096216,-0.842689906537
3.9689431129958,-0.913042537995633,3.95573678895578,-0.915948553551348
3.84108487976242,-0.91715925518501,3.78669508336227,-0.798229299577207
3.78669508336227,-0.798229299577207,3.86163394880446,-0.71721826748682
3.86163394880446,-0.71721826748682,3.87247221894091,-0.650750579216088
3.87247221894091,-0.650750579216088,4.01016209561014,-0.597150138851531
4.01016209561014,-0.597150138851531,4.01071859506704,-0.563337675271576
4.12335442804526,-0.332604809221328,4.19994262663913,-0.410396161126178
4.19994262663913,-0.410396161126178,4.24382859950954,-0.226713407498505
3.51452087728472,-2.29917723609941,3.4734899599116,-2.38664417648023
3.4734899599116,-2.38664417648023,3.49483888045024,-2.35298700643158
3.49483888045024,-2.35298700643158,3.53049699724485,-2.31112667689352
3.53049699724485,-2.31112667689352,3.53214749133554,-2.47009826331239
3.53214749133554,-2.47009826331239,3.56781805907229,-2.48453010380612
3.56781805907229,-2.48453010380612,3.58543004821521,-2.38025845621711
3.58543004821521,-2.38025845621711,3.66690474946143,-2.46851329734751
3.66690474946143,-2.46851329734751,3.63471428672164,-2.4775017620449
3.63471428672164,-2.4775017620449,3.73464915938583,-2.45149071422579
3.73464915938583,-2.45149071422579,3.80644922811792,-2.47616230244205
3.80644922811792,-2.47616230244205,3.83123058377529,-2.4708945102121
3.83123058377529,-2.4708945102121,3.95484142002293,-2.5947149673903
3.95484142002293,-2.5947149673903,4.1115753610478,-2.55834961119347
4.1115753610478,-2.55834961119347,4.10832748823266,-2.6135696723275
4.10832748823266,-2.6135696723275,4.26509315084155,-2.56970870253764
4.26509315084155,-2.56970870253764,4.26354121117812,-2.63555815361422
4.26354121117812,-2.63555815361422,4.37343603638996,-2.68333789779773
4.37343603638996,-2.68333789779773,4.47295274685148,-2.73750084692618
4.47295274685148,-2.73750084692618,4.63632478596425,-2.687641934033
4.63632478596425,-2.687641934033,4.71417909450789,-2.72527422427786
4.71417909450789,-2.72527422427786,4.73507477797558,-2.69042234769252
4.73507477797558,-2.69042234769252,4.85833019929149,-2.79508140309412
3.42250948945894,-2.05090331081125,3.44092459084949,-2.1999579573636
3.44092459084949,-2.1999579573636,3.45609066667113,-2.36965601509234
3.45609066667113,-2.36965601509234,3.42049424412952,-2.55592990331133
-0.342263533673976,-2.86075062360818,-0.371348991666735,-2.88141285561824
-0.371348991666735,-2.88141285561824,-0.320545083748953,-2.92497637226447
0.543001974693101,-4.02587934794722,0.583085814708266,-4.03105522860439
1.10539711768001,-4.27688868705412,0.942423792866318,-4.23215883382813
0.942423792866318,-4.23215883382813,1.06648525460638,-4.27661768021745
-0.357881519300609,-2.76865186290064,-0.295746670200992,-2.7626635714214
-0.342769517532923,-2.85003717611008,-0.308104101407474,-2.85765839290257
-0.337956435936485,-3.208810578511,-0.292723185535731,-3.28680229607497
-0.292723185535731,-3.28680229607497,-0.277512919002722,-3.35648308372752
-0.277512919002722,-3.35648308372752,-0.170157682513191,-3.46782981027615
-0.0821754571665714,-3.62195496072085,-0.0575227847183691,-3.67234864551601
-0.0575227847183691,-3.67234864551601,0.00400018901831405,-3.76403669733606
0.204963255948191,-3.91024864674984,0.300820036432824,-4.01857857952861
0.300820036432824,-4.01857857952861,0.431115733961255,-4.09617416267467
0.431115733961255,-4.09617416267467,0.484465816982052,-4.14213045856531
-0.307473551215436,-3.41208157883493,-0.247552002461619,-3.50573439288884
-0.247552002461619,-3.50573439288884,-0.16749487097431,-3.5613347694432
-0.16749487097431,-3.5613347694432,-0.0916588552851133,-3.65393713379041
-0.0916588552851133,-3.65393713379041,-0.105886097571012,-3.70427194513788
-0.105886097571012,-3.70427194513788,-0.0179100375468623,-3.83269324367064
-0.0179100375468623,-3.83269324367064,0.0384230652586278,-3.9393671193922
-1.00335144863887,-2.84737986872007,-0.950730730132506,-2.89660933091827
-0.950730730132506,-2.89660933091827,-0.902786605853384,-2.97375553610508
-0.902786605853384,-2.97375553610508,-0.879585173383243,-3.05906868718395
-0.879585173383243,-3.05906868718395,-0.886164824154708,-3.06744325942399
-0.682587551949114,-3.23047912518415,-0.736810193139803,-3.25002465222742
-0.736810193139803,-3.25002465222742,-0.691402120229031,-3.33453801942496
-0.691402120229031,-3.33453801942496,-0.752167554214868,-3.36801565046578
-1.00335144863887,-2.84737986872007,-0.955600223826097,-2.8751498737944
-0.955600223826097,-2.8751498737944,-1.0410910455341,-2.89152394555516
-3.42920476826458,-3.48720591989124,-3.55015093384466,-3.49918071872793
-3.63038780429875,-3.6187306270221,-3.64828995708439,-3.68080895913332
-3.64828995708439,-3.68080895913332,-3.80170517585181,-3.75950115866755
-3.80170517585181,-3.75950115866755,-3.92788836156786,-3.70680538714935
-3.92788836156786,-3.70680538714935,-3.9784211460328,-3.80159478623591
-3.9784211460328,-3.80159478623591,-4.05053587218637,-3.84539366874145
-4.05053587218637,-3.84539366874145,-4.12283287006831,-3.86691118522669
-3.42920476826458,-3.48720591989124,-3.39107937180305,-3.64384789237505
-3.39107937180305,-3.64384789237505,-3.39491418107391,-3.69662543922267
-3.39491418107391,-3.69662543922267,-3.41695306644096,-3.72605334058123
-3.41695306644096,-3.72605334058123,-3.32781250161541,-3.84935952160274
-3.32781250161541,-3.84935952160274,-3.35636715128907,-3.93893376259044
-3.35636715128907,-3.93893376259044,-3.26041997597577,-4.00377334995812
-3.26041997597577,-4.00377334995812,-3.31035906463395,-4.19951986113289
-3.31035906463395,-4.19951986113289,-3.18998806590626,-4.286694518434
-3.18998806590626,-4.286694518434,-3.15781847244522,-4.34830214136718
-3.15781847244522,-4.34830214136718,-3.16685689755713,-4.45734138598968
-3.16685689755713,-4.45734138598968,-3.15219630508716,-4.54271969709379
-3.15219630508716,-4.54271969709379,-3.24406520342968,-4.59313671238183
-3.24406520342968,-4.59313671238183,-3.0832458592627,-4.68534280876717
-3.0832458592627,-4.68534280876717,-3.09148973400122,-4.78819365539671
-3.09148973400122,-4.78819365539671,-3.09169489155319,-4.92410516115176
-3.09169489155319,-4.92410516115176,-3.04670866904834,-5.02683370588217
-3.04670866904834,-5.02683370588217,-3.06148609380197,-5.08864636080384
-3.06148609380197,-5.08864636080384,-2.96470538910072,-5.2190959678484
-2.96470538910072,-5.2190959678484,-2.93938740064843,-5.30464424513849
-3.99620632314498,-1.03362430835107,-4.09762285123265,-1.0266188912334
-4.09762285123265,-1.0266188912334,-4.21235146536313,-1.01003446096065
-4.43449866458043,-1.07596525829983,-4.43919847232668,-1.12257519806608
-4.43919847232668,-1.12257519806608,-4.52275889453861,-1.18118156265449
-4.52275889453861,-1.18118156265449,-4.69320811827928,-1.17325897390009
-4.69320811827928,-1.17325897390009,-4.80602279269731,-1.15833515683687
-4.80602279269731,-1.15833515683687,-4.88881145562929,-1.25689579120724
-4.88881145562929,-1.25689579120724,-5.01234760039279,-1.20942544469183
-5.01234760039279,-1.20942544469183,-5.11126743748974,-1.27833937956686
-5.11126743748974,-1.27833937956686,-5.16881454901632,-1.37055103485496
-5.16881454901632,-1.37055103485496,-5.25812970042175,-1.31391750148263
-5.25812970042175,-1.31391750148263,-5.29191111256642,-1.36507322030697
-5.29191111256642,-1.36507322030697,-5.43109728439123,-1.32562384492723
-5.43109728439123,-1.32562384492723,-5.58032595117987,-1.37447851979758
-5.58032595117987,-1.37447851979758,-5.73419975636436,-1.40959878644508
-5.73419975636436,-1.40959878644508,-5.79310065701265,-1.52700717321097
-3.99620632314498,-1.03362430835107,-4.08209373879348,-0.965358581944562
-4.17692202124513,-0.848170788522454,-4.2491983573533,-0.817879974999535
-4.2491983573533,-0.817879974999535,-4.27106446681413,-0.709894954603029
1.30551196000744,-0.0586426035608953,1.2560681056695,-0.11904051978254
-1.47802091379537,-1.66646133691605,-1.53605528109491,-1.66738558756194
-1.53605528109491,-1.66738558756194,-1.5923464777033,-1.63755153167192
3.13271919668769,-1.07348328928627,3.22062534692707,-1.26112714530815
3.22062534692707,-1.26112714530815,3.31894165796063,-1.42082488484108
-0.426909391550289,-2.77500260573087,-0.399222578092881,-2.83235567158225
-0.399222578092881,-2.83235567158225,-0.424193324363566,-2.88991442900155
-0.843452794596941,-2.49874196033028,-0.907810394546893,-2.53224172273691
1.09859483931757,0.633703082612409,1.04087102978981,0.693220171418301
1.04087102978981,0.693220171418301,1.02170884005001,0.890260156761597
-2.76264990961344,-2.63418750185052,-2.78546122100915,-2.70841668558797
-2.78546122100915,-2.70841668558797,-2.85289910116522,-2.81949109249739
-3.10380647837802,-3.29474865506076,-3.28675325190477,-3.26073534553796
-3.28675325190477,-3.26073534553796,-3.37241408805647,-3.3099406430461
-2.29994379953897,0.497559257638424,-2.30946061239431,0.609233439680974
1.32176058843352,0.328756449135456,1.31616429716199,0.443704465169345
1.31616429716199,0.443704465169345,1.37476679656223,0.466375022920731
-0.320545083748953,-2.92497637226447,-0.346956463618071,-2.97303245619184
-0.346956463618071,-2.97303245619184,-0.352098481605093,-3.06829109779782
1.22669747329152,-0.0597564517277875,1.12310378618945,-0.0789239591973642
1.12310378618945,-0.0789239591973642,1.08123192914987,-0.130380136988406
1.87559266617061,-0.103606623925283,1.99764344230476,-0.13586739835648
1.99764344230476,-0.13586739835648,2.05473124634316,-0.165187935220125
-0.737982767802544,-2.38701156211615,-0.88147052619788,-2.33618802183325
-1.97479332421375,0.988565796154915,-1.99863506035164,1.07604338691979
-1.99863506035164,1.07604338691979,-2.07383067942471,1.14016979246165
-2.94341295022452,-2.96409428770274,-3.05718002963396,-3.08162286093693
-3.05718002963396,-3.08162286093693,-3.1353015972009,-3.16939941432356
-2.19053392477574,0.103660168842074,-2.25091764961915,0.259447214225552
-2.3146478136967,0.943323708872765,-2.25396546645496,1.03433190326235
-2.25396546645496,1.03433190326235,-2.25590938548144,1.1768510784929
-0.212557018820996,-3.17238533717566,-0.222571761419605,-3.18028066997459
-0.308104101407474,-2.85765839290257,-0.300048871643593,-2.91939464761437
-0.300048871643593,-2.91939464761437,-0.24496918562545,-3.0358395201194
-0.886164824154708,-3.06744325942399,-0.884303135822742,-3.14708701869249
-0.884303135822742,-3.14708701869249,-0.682587551949114,-3.23047912518415
-1.14084359578332,-1.77287407900195,-1.26289282745311,-1.73542754151335
-1.26289282745311,-1.73542754151335,-1.40260822040058,-1.63069086562445
-1.40260822040058,-1.63069086562445,-1.425560318402,-1.62876250424352
-1.425560318402,-1.62876250424352,-1.48287304648339,-1.63420830107125
2.75525639084518,-0.611733527257851,2.83890915057102,-0.743524652849988
2.83890915057102,-0.743524652849988,2.97700373014174,-0.872448992535766
2.97700373014174,-0.872448992535766,3.08760660048769,-0.924236654415279
3.08760660048769,-0.924236654415279,3.13271919668769,-1.07348328928627
3.31894165796063,-1.42082488484108,3.31169963506982,-1.55342373564015
3.31169963506982,-1.55342373564015,3.37287661264303,-1.63445895525381
1.02185318312684,0.278667914194526,0.961543073891881,0.277423902491136
0.961543073891881,0.277423902491136,0.926347898735695,0.209852182066766
-0.31474912935837,-2.68365040758689,-0.357881519300609,-2.76865186290064
-2.13857995429392,1.5237177065708,-2.0761315195394,1.65300684978536
-2.0761315195394,1.65300684978536,-2.07317464790715,1.65952609420804
0.885141896833701,1.24441673468542,0.801507457326162,1.39009972372173
0.801507457326162,1.39009972372173,0.746157026193155,1.53318538986313
3.44969094089258,-2.23296614179616,3.4231534364309,-2.37535414283392
3.4231534364309,-2.37535414283392,3.41897920612982,-2.49454243518315
1.2560681056695,-0.11904051978254,1.23931473015185,-0.166375481074377
1.23931473015185,-0.166375481074377,1.15375702143842,-0.220117094365329
-0.428187269800879,-2.66919385162643,-0.421753679740097,-2.74376063507217
-0.421753679740097,-2.74376063507217,-0.443207037804791,-2.75199867332804
-0.88147052619788,-2.33618802183325,-0.868891587523643,-2.43160285241241
-0.868891587523643,-2.43160285241241,-0.843452794596941,-2.49874196033028
-1.91914109515236,-0.328715355527465,-2.00823568846457,-0.278954967591563
0.885141896833701,1.24441673468542,0.810408604705649,1.38670414518869
0.810408604705649,1.38670414518869,0.738865008290027,1.55029435133375
2.05473124634316,-0.165187935220125,2.1657832791975,-0.242280902912654
2.1657832791975,-0.242280902912654,2.30114597534229,-0.304288425803623
0.895555711205927,0.225815716321292,0.810003675887676,0.171245980837467
0.810003675887676,0.171245980837467,0.767674347886619,0.188981805851028
1.15375702143842,-0.220117094365329,1.0907225011631,-0.264292103916677
-1.66186971076313,-0.503056738014148,-1.76219648117077,-0.458651615163758
-2.363234735545,0.573996420829886,-2.36818407234158,0.665109482767984
-2.36818407234158,0.665109482767984,-2.3847251717396,0.798695768174445
1.80264775443076,0.576010576257482,1.79682388511172,0.639863016576929
1.79682388511172,0.639863016576929,1.80392994739336,0.731609378130745
4.01071859506704,-0.563337675271576,4.05477710597914,-0.435530428930775
4.05477710597914,-0.435530428930775,4.12335442804526,-0.332604809221328
3.41897920612982,-2.49454243518315,3.38074759949359,-2.61230141406326
3.38074759949359,-2.61230141406326,3.38523333281343,-2.69324026082744
-0.357881519300609,-2.76865186290064,-0.345863866850626,-2.82957797881101
-0.345863866850626,-2.82957797881101,-0.342263533673976,-2.86075062360818
-0.352098481605093,-3.06829109779782,-0.278588918366586,-3.12019486572857
-0.278588918366586,-3.12019486572857,-0.212557018820996,-3.17238533717566
-0.116557615719794,-3.38532073751689,-0.0856927725599945,-3.43307197643532
-0.0856927725599945,-3.43307197643532,0.00962796231932457,-3.54875967510863
-0.295746670200992,-2.7626635714214,-0.323835772683406,-2.78480895608933
-0.323835772683406,-2.78480895608933,-0.342769517532923,-2.85003717611008
-1.51540051950613,-0.63119329869877,-1.55493142403592,-0.553353305471947
-1.55493142403592,-0.553353305471947,-1.66186971076313,-0.503056738014148
-2.07383067942471,1.14016979246165,-2.01783011697927,1.23822618003734
0.160373253343162,-3.69811878138282,0.273327201748974,-3.84079517138534
0.273327201748974,-3.84079517138534,0.365879413359861,-3.86646848196265
0.583085814708266,-4.03105522860439,0.733096965655688,-4.11089635921709
0.733096965655688,-4.11089635921709,0.8858401673615,-4.16008642789464
-0.571131434582152,-2.29398263382615,-0.682453297519754,-2.32361794035618
-0.682453297519754,-2.32361794035618,-0.737982767802544,-2.38701156211615
-1.94656675654109,-0.104429811652519,-1.97116916422258,0.0570662445475026
-0.328233798190965,-2.54134101789432,-0.358946696750811,-2.61131508131704
-0.358946696750811,-2.61131508131704,-0.428187269800879,-2.66919385162643
-0.861411427611184,-2.07942144899614,-0.99414567884824,-1.97851490345443
2.37559804287069,-0.324945957183778,2.49157093887205,-0.427485227813688
2.49157093887205,-0.427485227813688,2.5854499778668,-0.501452619266945
-1.32859026477246,-0.645001439209372,-1.41037807978273,-0.651862777506365
-1.41037807978273,-0.651862777506365,-1.51540051950613,-0.63119329869877
1.08123192914987,-0.130380136988406,1.0181401198644,-0.16828194716184
1.0181401198644,-0.16828194716184,0.949671616037614,-0.193861421475716
-0.137918480200942,-2.29023152024506,-0.209246651268547,-2.41900896116824
-0.302076183586193,-2.52171399550302,-0.312536413951393,-2.64526319368453
-0.312536413951393,-2.64526319368453,-0.31474912935837,-2.68365040758689
-1.84439938245624,1.53484635823448,-1.77642312351865,1.57378277007813
-3.80995846108843,-1.15465775145441,-3.89622902107161,-1.08743300019355
-3.89622902107161,-1.08743300019355,-3.94034934902404,-1.05478199878711
2.74645805872317,-0.443456966808115,2.84546500179051,-0.488372915944754
2.84546500179051,-0.488372915944754,2.90895358789657,-0.498597889802824
-1.31997241181876,2.08470373526945,-1.23877602480611,2.14699862691152
-1.23877602480611,2.14699862691152,-1.13497505820783,2.17322980449858
-3.55015093384466,-3.49918071872793,-3.54323863674297,-3.56921578017362
-3.54323863674297,-3.56921578017362,-3.63038780429875,-3.6187306270221
0.8858401673615,-4.16008642789464,0.973426744885534,-4.22429652247048
0.973426744885534,-4.22429652247048,1.10539711768001,-4.27688868705412
0.767674347886619,0.188981805851028,0.685758986420778,0.13602361995631
0.685758986420778,0.13602361995631,0.542167234814232,0.0479081274191566
1.15375702143842,-0.220117094365329,1.09542860646806,-0.261220390073863
1.09542860646806,-0.261220390073863,1.07763118026449,-0.327421786557703
-0.644934226140636,-2.04002347628653,-0.762809032873599,-2.13545477875177
-0.762809032873599,-2.13545477875177,-0.861411427611184,-2.07942144899614
1.0907225011631,-0.264292103916677,1.06834367171934,-0.378296224658868
1.06834367171934,-0.378296224658868,1.00390065125473,-0.452594357317969
0.82667046038071,-0.327319744064129,0.695994958882233,-0.404505419576861
-0.577269861960753,-2.16697862669783,-0.571131434582152,-2.29398263382615
-1.98201893127968,0.5280798284282,-2.02991661687143,0.699912674118568
0.542167234814232,0.0479081274191566,0.431911615283499,0.00335303881200956
-0.00254228362608901,-2.11145518168074,-0.120564184058436,-2.266315373378
-0.120564184058436,-2.266315373378,-0.172671288591069,-2.43683280005995
3.06880083893797,-0.638380593244411,3.18491010002311,-0.707780285846484
3.18491010002311,-0.707780285846484,3.2714709195042,-0.774904265082599
0.365879413359861,-3.86646848196265,0.48727010957862,-3.96062122812799
0.48727010957862,-3.96062122812799,0.543001974693101,-4.02587934794722
-2.30946061239431,0.609233439680974,-2.33223172058503,0.753038590655199
-2.33223172058503,0.753038590655199,-2.26113431111652,0.87037308348444
0.949671616037614,-0.193861421475716,0.890220127377137,-0.24703095137132
0.890220127377137,-0.24703095137132,0.82667046038071,-0.327319744064129
1.04401355259022,-0.465077337706015,0.951828852914023,-0.542285508968523
0.951828852914023,-0.542285508968523,0.84492528239532,-0.678028685559054
-2.01783011697927,1.23822618003734,-1.93313833060919,1.36832814973752
-1.93313833060919,1.36832814973752,-1.84439938245624,1.53484635823448
-2.02991661687143,0.699912674118568,-1.99355136921024,0.809544197695116
-1.99355136921024,0.809544197695116,-1.97479332421375,0.988565796154915
0.255790569521221,-0.097608135571113,0.0657347494960398,-0.129061706932479
-0.209246651268547,-2.41900896116824,-0.310516523225833,-2.44849750980172
-0.310516523225833,-2.44849750980172,-0.328233798190965,-2.54134101789432
0.886384411953332,-0.643222765693415,0.795098599508077,-0.749198729336654
-1.13779271597338,-0.589000752412984,-1.21157429750897,-0.611713607887184
-1.21157429750897,-0.611713607887184,-1.32859026477246,-0.645001439209372
0.82667046038071,-0.327319744064129,0.713261228449399,-0.354506839652817
0.713261228449399,-0.354506839652817,0.608252203612615,-0.420241733027545
-0.592173898555394,-1.81206209030992,-0.63616420722757,-1.96099090618006
-0.63616420722757,-1.96099090618006,-0.644934226140636,-2.04002347628653
0.673716152762911,-0.931830488202088,0.605978699074826,-1.07297280720575
0.0854154462019079,-1.95432419465348,-0.0560146987941517,-2.1078810157444
1.7972880944456,0.391806222209797,1.77987203550403,0.523671003560024
1.77987203550403,0.523671003560024,1.78639494273674,0.608908788845911
3.42250948945894,-2.05090331081125,3.40665411148345,-2.13558648990829
3.40665411148345,-2.13558648990829,3.44969094089258,-2.23296614179616
-0.170157682513191,-3.46782981027615,-0.138710393138589,-3.53650680127337
-0.138710393138589,-3.53650680127337,-0.0821754571665714,-3.62195496072085
-4.08209373879348,-0.965358581944562,-4.15263464147406,-0.890446287503682
-4.15263464147406,-0.890446287503682,-4.17692202124513,-0.848170788522454
-2.00823568846457,-0.278954967591563,-2.01336535833174,-0.189371792604252
-2.01336535833174,-0.189371792604252,-2.05436171727321,-0.121171215323925
-0.172671288591069,-2.43683280005995,-0.20783021872628,-2.50389338514058
-0.20783021872628,-2.50389338514058,-0.277313032066141,-2.53010354245939
-1.76219648117077,-0.458651615163758,-1.8031520160053,-0.397178665498031
-1.8031520160053,-0.397178665498031,-1.86415148547285,-0.291627020318454
-1.97116916422258,0.0570662445475026,-1.99243820442264,0.199107835833858
-1.99243820442264,0.199107835833858,-1.99254666122743,0.309296289417025
1.07763118026449,-0.327421786557703,1.01144834926681,-0.398460406968187
1.01144834926681,-0.398460406968187,0.992696197731607,-0.463194901837636
-0.864223291939184,-0.495921053013342,-0.996805682722466,-0.538892548805747
-0.996805682722466,-0.538892548805747,-1.13779271597338,-0.589000752412984
0.608252203612615,-0.420241733027545,0.510350277705702,-0.537120857499203
-0.456867080957995,-1.44390978853736,-0.563058416560505,-1.62946866912544
-0.563058416560505,-1.62946866912544,-0.592173898555394,-1.81206209030992
-0.188914823271658,-0.23623410562452,-0.33583484762166,-0.291555346840229
-0.523553177569683,-0.390427360190835,-0.673987002913824,-0.421833968821475
-0.673987002913824,-0.421833968821475,-0.864223291939184,-0.495921053013342
0.84492528239532,-0.678028685559054,0.797550370550955,-0.839179283014662
0.797550370550955,-0.839179283014662,0.698689661103133,-0.961573802559376
0.695994958882233,-0.404505419576861,0.628561111790346,-0.486335103818984
0.628561111790346,-0.486335103818984,0.495271485605902,-0.589475807540415
0.495271485605902,-0.589475807540415,0.3257362323999,-0.716408695899675
0.3257362323999,-0.716408695899675,0.206831813648364,-0.845495220942918
-0.435955717640797,-1.9928396836327,-0.487564602803216,-2.08944913717019
-0.487564602803216,-2.08944913717019,-0.577269861960753,-2.16697862669783
0.447061045308873,-1.41149821776255,0.32886472899132,-1.54417646605124
0.0729621553192525,-1.9790113926821,-0.00254228362608901,-2.11145518168074
-0.211355950048965,-1.64019342648483,-0.289491065784415,-1.78377730445218
-1.44658128778249,1.80934887357298,-1.40344715242407,1.90613063510563
-1.40344715242407,1.90613063510563,-1.32717079918103,1.96374338902173
-2.60716442387964,-2.29263272211493,-2.58870616727179,-2.36813901724742
-2.58870616727179,-2.36813901724742,-2.51547299738087,-2.48257498486354
-2.25590938548144,1.1768510784929,-2.19300216610955,1.27906376738059
-2.19300216610955,1.27906376738059,-2.11358807496184,1.35105991817952
2.18406269824831,0.477903896661432,2.28393100730215,0.48036668836757
2.28393100730215,0.48036668836757,2.39286642620904,0.470873195457313
3.27308038474547,-0.10806725905094,3.37769620420751,-0.00124333377589646
3.37769620420751,-0.00124333377589646,3.46905285935969,0.00131578888673092
3.78547374096216,-0.842689906537,3.87116457743589,-0.880562144909692
3.87116457743589,-0.880562144909692,3.9689431129958,-0.913042537995633
0.00400018901831405,-3.76403669733606,0.0955252790463446,-3.80724721826809
0.0955252790463446,-3.80724721826809,0.204963255948191,-3.91024864674984
-4.21235146536313,-1.01003446096065,-4.30549943333936,-1.08884813642443
-4.30549943333936,-1.08884813642443,-4.43449866458043,-1.07596525829983
-2.05436171727321,-0.121171215323925,-2.14983961356949,0.00538900957201012
-2.14983961356949,0.00538900957201012,-2.19053392477574,0.103660168842074
-1.79726754710861,-0.496537188164497,-1.86121465649536,-0.404847648068882
-1.86121465649536,-0.404847648068882,-1.91914109515236,-0.328715355527465
-0.289491065784415,-1.78377730445218,-0.389238275807194,-1.89052357197491
-0.389238275807194,-1.89052357197491,-0.435955717640797,-1.9928396836327
0.206831813648364,-0.845495220942918,0.164771727377181,-1.00013430764658
0.164771727377181,-1.00013430764658,0.0801632713045911,-1.13576946799862
0.0657347494960398,-0.129061706932479,-0.0367487793161379,-0.199922820890552
-0.0367487793161379,-0.199922820890552,-0.188914823271658,-0.23623410562452
0.340746099417594,-0.681778220140683,0.253905688282367,-0.755696668392381
0.253905688282367,-0.755696668392381,0.145901320533696,-0.870123729375336
0.145901320533696,-0.870123729375336,0.0246946246030829,-0.980656729570007
0.0246946246030829,-0.980656729570007,-0.102049322292338,-1.09306219055444
-0.102049322292338,-1.09306219055444,-0.187383134228514,-1.2290415771476
-0.187383134228514,-1.2290415771476,-0.294776649493113,-1.29882118662055
0.0801632713045911,-1.13576946799862,-0.0321268954207476,-1.26200355283861
-0.0321268954207476,-1.26200355283861,-0.1476626475751,-1.41428614806487
0.795098599508077,-0.749198729336654,0.74155205156502,-0.830488225157593
0.74155205156502,-0.830488225157593,0.673716152762911,-0.931830488202088
-0.0560146987941517,-2.1078810157444,-0.113789500657058,-2.20486551578272
-0.113789500657058,-2.20486551578272,-0.137918480200942,-2.29023152024506
-1.86415148547285,-0.291627020318454,-1.89566981052986,-0.213780607199226
-1.89566981052986,-0.213780607199226,-1.94656675654109,-0.104429811652519
-1.13497505820783,2.17322980449858,-1.05857660900307,2.20608838504608
-1.05857660900307,2.20608838504608,-0.946689902504469,2.23700977133768
3.42049424412952,-2.55592990331133,3.4252178115845,-2.63627344812648
3.4252178115845,-2.63627344812648,3.41148808744104,-2.73575271116442
-4.12283287006831,-3.86691118522669,-4.1720185726617,-3.95929615453702
-4.1720185726617,-3.95929615453702,-4.22865803723393,-4.02733400949777
0.00962796231932457,-3.54875967510863,0.0752381249757265,-3.64234669665593
0.0752381249757265,-3.64234669665593,0.160373253343162,-3.69811878138282
-0.222571761419605,-3.18028066997459,-0.168567347450712,-3.28222824329897
-0.168567347450712,-3.28222824329897,-0.116557615719794,-3.38532073751689
-1.62942523048965,1.70099824094544,-1.52243917939124,1.74613638136444
-1.52243917939124,1.74613638136444,-1.44658128778249,1.80934887357298
-0.99414567884824,-1.97851490345443,-1.07678267927397,-1.89948322559684
-1.07678267927397,-1.89948322559684,-1.14084359578332,-1.77287407900195
-1.77642312351865,1.57378277007813,-1.69701977365527,1.66053494062687
-1.69701977365527,1.66053494062687,-1.62942523048965,1.70099824094544
-1.99254666122743,0.309296289417025,-1.98962179090253,0.411815310179001
-1.98962179090253,0.411815310179001,-1.98201893127968,0.5280798284282
0.431911615283499,0.00335303881200956,0.309817138748674,-0.0433485045057982
0.309817138748674,-0.0433485045057982,0.255790569521221,-0.097608135571113
0.992696197731607,-0.463194901837636,0.947601023968657,-0.547744033044537
0.947601023968657,-0.547744033044537,0.886384411953332,-0.643222765693415
-0.294776649493113,-1.29882118662055,-0.382534089098939,-1.37684421490454
-0.382534089098939,-1.37684421490454,-0.456867080957995,-1.44390978853736
0.510350277705702,-0.537120857499203,0.409653401851775,-0.595662600262679
0.409653401851775,-0.595662600262679,0.340746099417594,-0.681778220140683
0.605978699074826,-1.07297280720575,0.529321971658308,-1.21162080108224
0.529321971658308,-1.21162080108224,0.452880763434667,-1.3381526848508
0.452880763434667,-1.3381526848508,0.406849468824363,-1.43805793024513
0.406849468824363,-1.43805793024513,0.367700246170362,-1.51634364250726
0.367700246170362,-1.51634364250726,0.263213060808185,-1.63101076007895
0.263213060808185,-1.63101076007895,0.189761703315509,-1.73443011441301
0.189761703315509,-1.73443011441301,0.139106365815652,-1.84173198462725
0.139106365815652,-1.84173198462725,0.0854154462019079,-1.95432419465348
-0.33583484762166,-0.291555346840229,-0.434321726815516,-0.325567820213721
-0.434321726815516,-0.325567820213721,-0.523553177569683,-0.390427360190835
0.698689661103133,-0.961573802559376,0.650419557824965,-1.04347262573637
0.650419557824965,-1.04347262573637,0.594486918938852,-1.15071062456124
0.594486918938852,-1.15071062456124,0.527097614318569,-1.22889830520647
0.527097614318569,-1.22889830520647,0.485396790913707,-1.32020494182969
0.485396790913707,-1.32020494182969,0.447061045308873,-1.41149821776255
0.32886472899132,-1.54417646605124,0.254212090719994,-1.68176405703544
0.254212090719994,-1.68176405703544,0.200098411736301,-1.78156588672402
0.200098411736301,-1.78156588672402,0.142131697909897,-1.88313630759899
0.142131697909897,-1.88313630759899,0.0729621553192525,-1.9790113926821
-0.1476626475751,-1.41428614806487,-0.169442486936768,-1.51880869041902
-0.169442486936768,-1.51880869041902,-0.211355950048965,-1.64019342648483
