3.05612494367114
2.89488382269241
3.38154808829725
3.35554390601022
3.76098023352448
4.71445615657551
4.81620402924785
5.40214591822096
4.98607186942418
3.78112336210765
4.85502019035368
4.75839549910994
4.4587292822113
4.58250057812147
4.59386424494895
5.15480783751215
4.08543976789302
4.44273956446468
4.04661933647388
5.74825250707441
5.14184840605774
4.98290340634354
3.96104618356222
5.11056443559754
5.60743148239564
6.78810489528842
6.88937408593985
4.35576605356506
4.00835817981824
7.97608824319831
