3.42579190563898
3.30555622731396
4.43188565486256
3.99591776662598
5.36285335618002
5.92491247854037
6.02079535441999
6.64359940397147
6.86976812502384
7.2926711092135
8.15581833965591
8.29999908038962
8.55728205642879
8.74472425704049
8.72154048916816
8.82597294882101
9.22551887347629
9.03089467517151
9.19080669203729
9.38675628708977
9.86978975734878
9.78508642415787
10.3254166825322
10.569284696372
10.6358980465016
11.1377789199528
11.1960305499005
11.6218163863424
12.0992089228623
12.4371584830125
