0,2.32710887875124,0.63305909633047,0.724939040820831,2.68681630467148,1.34138356448117,3.16978689981751,2.14978803803464,2.08521163409423,4.27721599635485,2.1818240165948,4.48016626836579,5.17894430880244,5.82699590361457,6.25183376241657,7.87464342763217,5.50000191986079,7.46290930623154,6.89422545247306,6.42178714569501,4.75901115366829,5.98867312826867,7.08284856027228,7.71894089820834,7.70299297553421,7.61934281719717,6.20805015021834,3.7060064304634,5.38331694744375,8.03309673188573
2.32710887875124,0,2.38491265666901,2.66173065425178,0.542776418613496,3.65727562871798,0.988477849108303,0.954271481879487,1.91408164732043,1.97456072855975,3.03078909380513,2.3624181073082,4.02651593140539,5.35473405725135,5.05210014989204,5.62706979092087,5.6637757131122,5.13658117646688,6.58344898282808,5.53778166810844,5.78691892690533,6.54994386004181,7.14363744822873,7.25247055983674,7.02272360519447,6.89921014336926,7.22418641474369,5.3063185786749,6.95061436682915,8.53801083237418
0.63305909633047,2.38491265666901,0,1.34258854054093,2.63112847025992,1.59608565105057,3.0850049455761,1.94923623819376,1.62020014652592,4.23436853942662,1.55006762734803,4.30693157422513,5.65031088804696,6.40320532221171,6.7272534220586,8.010439765246,6.12345126764887,7.47575950020103,7.49253559244358,6.95081121319362,5.38048938326322,6.62167085955307,7.7062957893739,8.30660498580658,8.26732010752671,8.17837213424401,6.82387968608999,4.27081811237493,5.93367180191386,8.66578740402959
0.724939040820831,2.66173065425178,1.34258854054093,0,3.10507402573989,1.17401767311713,3.59468471002848,2.70424274261769,2.78030349208006,4.63514165137443,2.89003909913089,4.95165700766278,4.87464217823703,5.32026085571136,5.92880594803172,7.9975726645451,4.87096555603503,7.7245832974513,6.33225090647864,6.00436833445031,4.03820968699902,5.29751018752721,6.45013355566038,7.17880384738995,7.21164242818734,7.13876714531764,5.48443937437635,2.99961624381824,4.68292019346551,7.33630505017837
2.68681630467148,0.542776418613496,2.63112847025992,3.10507402573989,0,4.02819982647403,0.489737206067894,0.821897268900952,1.79036676342089,1.60535544328118,2.99345952996654,1.85744519881007,4.37632316984415,5.80072604512667,5.36744363805266,5.47593656515791,6.17440806977288,4.8466133240751,7.03806929240278,5.91328969130554,6.32968028255715,7.08070068701463,7.63600336523303,7.67995898176251,7.41790552007336,7.28860108589862,7.76661198201873,5.82812849591708,7.48002470495788,9.06004004555935
1.34138356448117,3.65727562871798,1.59608565105057,1.17401767311713,4.02819982647403,0,4.51079810372383,3.46331566883849,3.21260087679212,5.61649601467089,2.83987909354859,5.81146303271428,6.00477322203847,6.28605029255231,7.04439156670571,9.13256498157423,5.63269246446079,8.78509635650387,7.20686021882923,7.05542769102677,4.39999501689349,5.84355243858826,7.17713072552433,8.08030803839333,8.17910342948093,8.11944574688845,5.75100869216468,3.00651232747906,4.57402569562342,7.82156335230837
3.16978689981751,0.988477849108303,3.0850049455761,3.59468471002848,0.489737206067894,4.51079810372383,0,1.18530135111126,2.07126061199133,1.15837172703747,3.29797195747534,1.37630474960537,4.48133648226886,6.01037572925531,5.42602166314526,5.12808714495883,6.48368611777479,4.41478896624428,7.25470702496859,6.03474594054482,6.74469745532186,7.43365280341712,7.90887889150824,7.85774817168164,7.55581378534014,7.41997713413684,8.1696976929357,6.29470738004574,7.93813060601868,9.3883089480685
2.14978803803464,0.954271481879487,1.94923623819376,2.70424274261769,0.821897268900952,3.46331566883849,1.18530135111126,0,0.985617187735769,2.34167878618253,2.17272245586405,2.35994868751645,4.97585723486106,6.24497091928356,6.00572653367138,6.28774569467155,6.4379024734038,5.59804990565298,7.46007584113556,6.47701001410883,6.32239761579733,7.23803826444369,7.95720847547993,8.15620809095649,7.95028788250369,7.83015618355583,7.78374844875571,5.61390357921515,7.29499876372692,9.26027247282246
2.08521163409423,1.91408164732043,1.62020014652592,2.78030349208006,1.79036676342089,3.21260087679212,2.07126061199133,0.985617187735769,0,3.18191131795794,1.22773975164039,2.9804056479649,5.89019169311313,7.04606440556618,6.93674842120374,7.19782530174882,7.08818242046215,6.40359188912044,8.2345195539572,7.36091659880934,6.7095624419656,7.77936466774518,8.6433089499224,8.96920511516389,8.80598500909552,8.69286995946094,8.1747966292558,5.77990717636172,7.46233235056945,9.82429669371499
4.27721599635485,1.97456072855975,4.23436853942662,4.63514165137443,1.60535544328118,5.61649601467089,1.15837172703747,2.34167878618253,3.18191131795794,0,4.4070519408067,0.914441635140742,4.36482804320219,6.09723063218036,5.16181665157988,4.04203583611254,6.82291450011342,3.25662912572704,7.33327316064771,5.90273641493385,7.39841709421727,7.88300192301843,8.12545922987829,7.82783501416803,7.43202994035379,7.28257029408287,8.76853511067966,7.15233638332085,8.74550505718625,9.74384771556441
2.1818240165948,3.03078909380513,1.55006762734803,2.89003909913089,2.99345952996654,2.83987909354859,3.29797195747534,2.17272245586405,1.22773975164039,4.4070519408067,0,4.14974978103516,6.84972449667154,7.80967001411818,7.91787290148098,8.42536980710219,7.63757147685598,7.61428427054337,8.94319812421059,8.25237343057173,6.92406644387971,8.16925423402044,9.21826485368001,9.72992058855473,9.6374537705492,9.53702453727493,8.36036931855365,5.74840649287958,7.37930793780446,10.2146229502458
4.48016626836579,2.3624181073082,4.30693157422513,4.95165700766278,1.85744519881007,5.81146303271428,1.37630474960537,2.35994868751645,2.9804056479649,0.914441635140742,4.14974978103516,0,5.26897282723798,6.97496420612659,6.07619900197436,4.57741071936791,7.63250094102128,3.51724104360424,8.21568629516416,6.8117389684031,8.06213662366159,8.65243164847879,8.97701991523252,8.72866725775576,8.34202441842455,8.19341292047131,9.4666371221801,7.66754673967988,9.30423375010617,10.55404667864
5.17894430880244,4.02651593140539,5.65031088804696,4.87464217823703,4.37632316984415,6.00477322203847,4.48133648226886,4.97585723486106,5.89019169311313,4.36482804320219,6.84972449667154,5.26897282723798,0,1.87567346602359,1.07710866432083,4.7524534780148,3.10278154460891,5.46801490361967,3.04028365802242,1.55699857957676,4.66835001707309,4.33887635589028,3.99696480797172,3.46449323241904,3.0865550433254,2.94505997130231,5.61236162155186,5.42460186470659,6.46143938291375,5.80995372233073
5.82699590361457,5.35473405725135,6.40320532221171,5.32026085571136,5.80072604512667,6.28605029255231,6.01037572925531,6.24497091928356,7.04606440556618,6.09723063218036,7.80967001411818,6.97496420612659,1.87567346602359,0,1.8826809550548,6.49522174124046,1.53015301152478,7.32376130625509,1.24581326315764,1.1391755226075,3.54201707147861,2.71922201115514,2.12140906068314,1.92507746759062,1.8946596839011,1.83437246189867,4.11064813332903,4.76820417602021,5.36041785278676,3.95460691306589
6.25183376241657,5.05210014989204,6.7272534220586,5.92880594803172,5.36744363805266,7.04439156670571,5.42602166314526,6.00572653367138,6.93674842120374,5.16181665157988,7.91787290148098,6.07619900197436,1.07710866432083,1.8826809550548,0,4.70092916366074,3.38132353327369,5.69348946750333,2.72719152879606,0.940184981093168,5.24446957849133,4.59617094749887,3.84542567897538,2.87657272430699,2.3408774598082,2.1792128378708,5.97065112449535,6.21644627031243,7.07215163153779,5.73446198618569
7.87464342763217,5.62706979092087,8.010439765246,7.9975726645451,5.47593656515791,9.13256498157423,5.12808714495883,6.28774569467155,7.19782530174882,4.04203583611254,8.42536980710219,4.57741071936791,4.7524534780148,6.49522174124046,4.70092916366074,0,7.85129279981963,1.57905741777464,7.42648063012811,5.63525974721762,9.30933109851514,9.08956387947298,8.54214398148044,7.46174393118831,6.81329799104532,6.64628330728851,10.3547865118982,9.72567047133524,11.0228782305069,10.4249578784462
5.50000191986079,5.6637757131122,6.12345126764887,4.87096555603503,6.17440806977288,5.63269246446079,6.48368611777479,6.4379024734038,7.08818242046215,6.82291450011342,7.63757147685598,7.63250094102128,3.10278154460891,1.53015301152478,3.38132353327369,7.85129279981963,0,8.5262792112304,1.71863046872119,2.66446609773912,2.10733918763316,1.23958905141374,1.58290131444643,2.61167121286073,2.95787952383937,2.97270037619323,2.58947646339898,3.54178259766685,3.88343601286739,2.9221654586366
7.46290930623154,5.13658117646688,7.47575950020103,7.7245832974513,4.8466133240751,8.78509635650387,4.41478896624428,5.59804990565298,6.40359188912044,3.25662912572704,7.61428427054337,3.51724104360424,5.46801490361967,7.32376130625509,5.69348946750333,1.57905741777464,8.5262792112304,0,8.38589365811605,6.62828147427403,9.70857172832934,9.73871534655175,9.43512510602342,8.55565637685061,7.95739585168465,7.78968944715518,10.8960896164067,9.8637920414155,11.3073092392737,11.2747728420282
6.89422545247306,6.58344898282808,7.49253559244358,6.33225090647864,7.03806929240278,7.20686021882923,7.25470702496859,7.46007584113556,8.2345195539572,7.33327316064771,8.94319812421059,8.21568629516416,3.04028365802242,1.24581326315764,2.72719152879606,7.42648063012811,1.71863046872119,8.38589365811605,0,1.79144178202776,3.77949341319541,2.48544850146866,1.17035299615915,0.897141824907321,1.30721491779927,1.36690989170942,3.88358283656091,5.26022360398293,5.47291022170933,3.05317817698154
6.42178714569501,5.53778166810844,6.95081121319362,6.00436833445031,5.91328969130554,7.05542769102677,6.03474594054482,6.47701001410883,7.36091659880934,5.90273641493385,8.25237343057173,6.8117389684031,1.55699857957676,1.1391755226075,0.940184981093168,5.63525974721762,2.66446609773912,6.62828147427403,1.79144178202776,0,4.67174192297118,3.82379743733445,2.9264882519792,1.975516514209,1.53160827202122,1.38812442112401,5.23056242559822,5.82855722744712,6.49470550509086,4.81942914159577
4.75901115366829,5.78691892690533,5.38048938326322,4.03820968699902,6.32968028255715,4.39999501689349,6.74469745532186,6.32239761579733,6.7095624419656,7.39841709421727,6.92406644387971,8.06213662366159,4.66835001707309,3.54201707147861,5.24446957849133,9.30933109851514,2.10733918763316,9.70857172832934,3.77949341319541,4.67174192297118,0,1.59037346935201,3.21845134916388,4.64607466399719,5.05499719466581,5.07679849574203,1.46651400419197,1.64470261952239,1.82946638555544,3.43530573786279
5.98867312826867,6.54994386004181,6.62167085955307,5.29751018752721,7.08070068701463,5.84355243858826,7.43365280341712,7.23803826444369,7.77936466774518,7.88300192301843,8.16925423402044,8.65243164847879,4.33887635589028,2.71922201115514,4.59617094749887,9.08956387947298,1.23958905141374,9.73871534655175,2.48544850146866,3.82379743733445,1.59037346935201,0,1.68325733239276,3.26784090604017,3.79171857896372,3.85016748706778,1.42079636837688,3.2339603072709,3.03844999952782,2.0495052945774
7.08284856027228,7.14363744822873,7.7062957893739,6.45013355566038,7.63600336523303,7.17713072552433,7.90887889150824,7.95720847547993,8.6433089499224,8.12545922987829,9.21826485368001,8.97701991523252,3.99696480797172,2.12140906068314,3.84542567897538,8.54214398148044,1.58290131444643,9.43512510602342,1.17035299615915,2.9264882519792,3.21845134916388,1.68325733239276,0,1.70188539616158,2.33898061164009,2.44054228551673,2.9458058260433,4.83139647855334,4.71010985454982,1.89321762590508
7.71894089820834,7.25247055983674,8.30660498580658,7.17880384738995,7.67995898176251,8.08030803839333,7.85774817168164,8.15620809095649,8.96920511516389,7.82783501416803,9.72992058855473,8.72866725775576,3.46449323241904,1.92507746759062,2.87657272430699,7.46174393118831,2.61167121286073,8.55565637685061,0.897141824907321,1.975516514209,4.64607466399719,3.26784090604017,1.70188539616158,0,0.714188540292769,0.861434105296344,4.618108695178,6.15087809697828,6.29511989557809,3.38542700130537
7.70299297553421,7.02272360519447,8.26732010752671,7.21164242818734,7.41790552007336,8.17910342948093,7.55581378534014,7.95028788250369,8.80598500909552,7.43202994035379,9.6374537705492,8.34202441842455,3.0865550433254,1.8946596839011,2.3408774598082,6.81329799104532,2.95787952383937,7.95739585168465,1.30721491779927,1.53160827202122,5.05499719466581,3.79171857896372,2.33898061164009,0.714188540292769,0,0.167894238557491,5.18274760904327,6.47728512973499,6.77447991699522,4.08858755578981
7.61934281719717,6.89921014336926,8.17837213424401,7.13876714531764,7.28860108589862,8.11944574688845,7.41997713413684,7.83015618355583,8.69286995946094,7.28257029408287,9.53702453727493,8.19341292047131,2.94505997130231,1.83437246189867,2.1792128378708,6.64628330728851,2.97270037619323,7.78968944715518,1.36690989170942,1.38812442112401,5.07679849574203,3.85016748706778,2.44054228551673,0.861434105296344,0.167894238557491,0,5.25043286174994,6.47430789652865,6.81318475594497,4.21680134131991
6.20805015021834,7.22418641474369,6.82387968608999,5.48443937437635,7.76661198201873,5.75100869216468,8.1696976929357,7.78374844875571,8.1747966292558,8.76853511067966,8.36036931855365,9.4666371221801,5.61236162155186,4.11064813332903,5.97065112449535,10.3547865118982,2.58947646339898,10.8960896164067,3.88358283656091,5.23056242559822,1.46651400419197,1.42079636837688,2.9458058260433,4.618108695178,5.18274760904327,5.25043286174994,0,2.79502430044781,1.91388981158211,2.34962079124723
3.7060064304634,5.3063185786749,4.27081811237493,2.99961624381824,5.82812849591708,3.00651232747906,6.29470738004574,5.61390357921515,5.77990717636172,7.15233638332085,5.74840649287958,7.66754673967988,5.42460186470659,4.76820417602021,6.21644627031243,9.72567047133524,3.54178259766685,9.8637920414155,5.26022360398293,5.82855722744712,1.64470261952239,3.2339603072709,4.83139647855334,6.15087809697828,6.47728512973499,6.47430789652865,2.79502430044781,0,1.68652400501068,5.01901885152866
5.38331694744375,6.95061436682915,5.93367180191386,4.68292019346551,7.48002470495788,4.57402569562342,7.93813060601868,7.29499876372692,7.46233235056945,8.74550505718625,7.37930793780446,9.30423375010617,6.46143938291375,5.36041785278676,7.07215163153779,11.0228782305069,3.88343601286739,11.3073092392737,5.47291022170933,6.49470550509086,1.82946638555544,3.03844999952782,4.71010985454982,6.29511989557809,6.77447991699522,6.81318475594497,1.91388981158211,1.68652400501068,0,4.24495505636978
8.03309673188573,8.53801083237418,8.66578740402959,7.33630505017837,9.06004004555935,7.82156335230837,9.3883089480685,9.26027247282246,9.82429669371499,9.74384771556441,10.2146229502458,10.55404667864,5.80995372233073,3.95460691306589,5.73446198618569,10.4249578784462,2.9221654586366,11.2747728420282,3.05317817698154,4.81942914159577,3.43530573786279,2.0495052945774,1.89321762590508,3.38542700130537,4.08858755578981,4.21680134131991,2.34962079124723,5.01901885152866,4.24495505636978,0
