1.35649211878104
1.95480813153936
1.72174209572178
1.71551583175859
2.650312278416
2.70419754665846
3.07171010250817
3.35481505942987
4.02937865667178
4.38654417177471
5.37365217470405
5.46647442225682
7.44127200879375
8.83587599826057
8.5975750131909
9.38683146850826
8.90951733606512
8.78101823307629
10.1286527825042
10.1608178400796
10.6472279703586
10.587494048051
10.6621767317928
10.9448602093152
10.9909862217201
11.0713994795593
11.9889552459482
12.3306977866852
12.9677028696279
12.7106447677385
