1.6951705949265
1.89985099795619
2.09687762627201
4.12897351005827
4.76907016284451
4.8669759995438
5.08754630341066
4.26355771124397
6.03017706568215
7.34816579387406
7.70390855495277
7.79914660298815
7.38568667306066
7.65504165917586
7.52613914254964
8.38394313097489
8.50688939754821
8.69388597011486
8.7786341032601
9.09665831136811
9.27552450872716
9.06718932003912
9.71959939382113
9.98502890088354
10.0025295002551
10.2830742956658
11.1958395942678
11.056478139281
11.5433349277915
12.1540507834298
