-0.158442856989064,-0.372155603408563,-0.158442856989064,-0.372155603408563
4.02213946520569,-3.22603393208156,4.05822825952384,-3.19890532047422
3.80950754898694,-1.85998090426302,3.77245361410139,-1.77996483714906
4.36033954459796,-1.55649599246111,4.42990138605902,-1.52321110803901
4.36033954459796,-1.55649599246111,4.45132593908504,-1.57883743770969
0.494166603699298,-7.31766718288114,0.402831209914932,-7.307011105185
-0.158442856989064,-0.372155603408563,-0.0734345955402905,-0.392626751665022
0.076703423996747,-0.37454970774736,0.168027920474288,-0.412501283195899
0.168027920474288,-0.412501283195899,0.222947482577729,-0.425881846878166
0.222947482577729,-0.425881846878166,0.363751965347017,-0.405803669963341
0.363751965347017,-0.405803669963341,0.299509784765071,-0.455768116139697
0.299509784765071,-0.455768116139697,0.346846545459064,-0.47273926895044
0.346846545459064,-0.47273926895044,0.379869569234208,-0.484135556041601
0.379869569234208,-0.484135556041601,0.440506036308827,-0.473305393354911
0.440506036308827,-0.473305393354911,0.508822496580757,-0.445729005592668
0.508822496580757,-0.445729005592668,0.473965125437529,-0.498344092338883
0.473965125437529,-0.498344092338883,0.482744915543058,-0.532285168073385
0.482744915543058,-0.532285168073385,0.547140669172087,-0.512606808160917
0.547140669172087,-0.512606808160917,0.515690180402222,-0.537368914314825
0.515690180402222,-0.537368914314825,0.533604828674584,-0.600295074752907
0.533604828674584,-0.600295074752907,0.491226571830333,-0.587871077952232
0.491226571830333,-0.587871077952232,0.533180077623909,-0.593145287806616
0.533180077623909,-0.593145287806616,0.558545029600969,-0.685402014267156
0.558545029600969,-0.685402014267156,0.610512423378495,-0.815378283721995
0.572970282592107,-1.02921017364416,0.639611304711364,-1.1397454481291
1.10676637092312,-1.54039034997464,1.2152227829793,-1.62932676804525
1.2152227829793,-1.62932676804525,1.35857242047967,-1.70167145917601
2.55700639287899,-2.29009241493045,2.60231086515036,-2.32430471219866
2.75984062041192,-2.41850724114764,2.89041683965446,-2.45430843057981
2.89041683965446,-2.45430843057981,2.94321510171227,-2.49056548128198
2.94321510171227,-2.49056548128198,2.92168497673038,-2.47752271992175
2.92168497673038,-2.47752271992175,2.99878942569263,-2.55761268672941
2.99878942569263,-2.55761268672941,2.99321106642609,-2.57556740368673
2.99321106642609,-2.57556740368673,3.04108246320245,-2.59405929487709
3.04108246320245,-2.59405929487709,3.07543708031778,-2.62056247427167
3.07543708031778,-2.62056247427167,3.10394763284712,-2.773689490876
3.10394763284712,-2.773689490876,3.02142496984986,-2.78873831775516
3.02142496984986,-2.78873831775516,3.03929226023802,-2.84907412508493
3.03929226023802,-2.84907412508493,3.05248195952786,-2.92432387401684
3.05248195952786,-2.92432387401684,3.08158538638201,-3.00273790861256
3.05428969931652,-3.20584894200852,3.02096641907241,-3.23808534662245
3.02096641907241,-3.23808534662245,3.0488954977379,-3.3203486342084
3.0488954977379,-3.3203486342084,2.97344994016606,-3.47089586321812
2.97344994016606,-3.47089586321812,2.98180334554935,-3.5540597721734
2.88171426252025,-3.68332818264874,2.80103668703043,-3.80713300674595
2.72221751783153,-4.00231618755247,2.60595454206317,-4.10746933050252
3.02096641907241,-3.23808534662245,3.0566710810581,-3.23634230446536
3.0566710810581,-3.23634230446536,3.11278368784658,-3.34212440199468
3.11278368784658,-3.34212440199468,3.17076930212351,-3.28438457285964
3.17076930212351,-3.28438457285964,3.23686682419734,-3.24259249095345
3.23686682419734,-3.24259249095345,3.20787628533505,-3.24511964740523
3.20787628533505,-3.24511964740523,3.33896145160857,-3.2189033951322
3.33896145160857,-3.2189033951322,3.498290767583,-3.25377293350624
3.498290767583,-3.25377293350624,3.49331205301728,-3.25468380998076
3.49331205301728,-3.25468380998076,3.55098580616015,-3.30765962531336
3.55098580616015,-3.30765962531336,3.69589282378337,-3.31804637004371
3.69589282378337,-3.31804637004371,3.75685886705345,-3.36272798797759
2.60595454206317,-4.10746933050252,2.48579230467823,-4.19590986388985
2.48579230467823,-4.19590986388985,2.48811689359079,-4.25388358980959
2.08683867181586,-4.52189052120622,2.0110269782142,-4.57012752778737
2.0110269782142,-4.57012752778737,1.87741164720325,-4.62087219323932
1.87741164720325,-4.62087219323932,1.74236787254393,-4.62490445136197
1.55101212659948,-4.69125289896553,1.48989997573913,-4.70099181270667
1.1731281575057,-4.71821748741143,1.20505362817259,-4.74832272637708
1.20505362817259,-4.74832272637708,1.01951056241775,-4.66213386289256
3.75685886705345,-3.36272798797759,3.79339330051733,-3.37052207206368
-0.158442856989064,-0.372155603408563,-0.225578960018861,-0.279849695257448
-0.225578960018861,-0.279849695257448,-0.274845270225516,-0.334087157642478
-0.274845270225516,-0.334087157642478,-0.395012930306501,-0.243232705635389
-0.395012930306501,-0.243232705635389,-0.438468810561784,-0.19407804850007
-0.438468810561784,-0.19407804850007,-0.522033992638664,-0.0821421524752978
-0.522033992638664,-0.0821421524752978,-0.659396606035545,-0.0194526890422464
-0.659396606035545,-0.0194526890422464,-0.801175570052064,0.0982850855224547
-0.801175570052064,0.0982850855224547,-0.857523623450375,0.133878128529965
-1.01008951572901,0.273580110885488,-1.12240547326368,0.363448688653354
-1.12240547326368,0.363448688653354,-1.11137032039803,0.374967474018248
-1.29871902956056,0.530965925810484,-1.38625666913671,0.559688637297038
-1.38625666913671,0.559688637297038,-1.46149248140942,0.627894560432987
-1.46149248140942,0.627894560432987,-1.57609852902247,0.707990545568472
-1.57609852902247,0.707990545568472,-1.63101861593277,0.769254775191263
-1.63101861593277,0.769254775191263,-1.64233824268879,0.772280638383551
-1.64233824268879,0.772280638383551,-1.77606480248197,0.873857665942754
-1.77606480248197,0.873857665942754,-1.80344103547433,0.8988046866589
2.49088929075927,-4.31388447394303,2.52548274269913,-4.28784766212406
2.52548274269913,-4.28784766212406,2.47509485157677,-4.35522253390495
2.99321106642609,-2.57556740368673,3.021666445904,-2.57190288129167
3.021666445904,-2.57190288129167,3.1291067217197,-2.51485761395562
3.1291067217197,-2.51485761395562,3.14284535221854,-2.51024685842444
3.14284535221854,-2.51024685842444,3.17888047171441,-2.46781841201372
3.17888047171441,-2.46781841201372,3.25660366891855,-2.41937276601286
3.25660366891855,-2.41937276601286,3.33250588720513,-2.30044803771063
3.33250588720513,-2.30044803771063,3.3847047260526,-2.24943391995273
3.3847047260526,-2.24943391995273,3.53065441236597,-2.17606042987344
3.53065441236597,-2.17606042987344,3.59149354598457,-2.0867593110433
3.59149354598457,-2.0867593110433,3.69033994102629,-1.98085522079926
3.69033994102629,-1.98085522079926,3.80950754898694,-1.85998090426302
0.829009320890455,-4.7411737576718,0.695118581325109,-4.69557815260642
0.695118581325109,-4.69557815260642,0.613806436333748,-4.66436331746896
0.613806436333748,-4.66436331746896,0.47827751638218,-4.63835522436154
0.47827751638218,-4.63835522436154,0.425979930825904,-4.60547827180602
0.425979930825904,-4.60547827180602,0.349244868557887,-4.56786558015894
0.150524253503755,-4.47819534998978,0.0574817103074409,-4.50786104428052
0.0574817103074409,-4.50786104428052,0.121495716650264,-4.55423170337835
-0.084529068204892,-4.38932105478757,-0.196056427532208,-4.34641865119139
-0.196056427532208,-4.34641865119139,-0.216750911632398,-4.42721619738825
-0.216750911632398,-4.42721619738825,-0.297262220802324,-4.34779658107042
-0.297262220802324,-4.34779658107042,-0.446414059505145,-4.27165696874235
-0.446414059505145,-4.27165696874235,-0.524064262684453,-4.28890048846502
-0.524064262684453,-4.28890048846502,-0.587276721081228,-4.31313953094285
-0.587276721081228,-4.31313953094285,-0.663309373197929,-4.32559171295433
3.75685886705345,-3.36272798797759,3.84942596816455,-3.40354956596792
3.91557607776854,-3.55737374747542,3.97157970840432,-3.59299322358923
3.97157970840432,-3.59299322358923,3.97961300038121,-3.68826875655502
3.97961300038121,-3.68826875655502,3.99161930392313,-3.83904995035877
0.533180077623909,-0.593145287806616,0.640991920864955,-0.447430473635393
0.920493042102094,-0.0237954330911873,0.939712874277279,0.00406681759940046
0.939712874277279,0.00406681759940046,1.06513272008147,0.1458311432779
2.47509485157677,-4.35522253390495,2.38723151967404,-4.46134082525534
2.38723151967404,-4.46134082525534,2.3012453770631,-4.51152620521022
2.23761151815845,-4.65771676880409,2.15898728692738,-4.70885726900047
2.15898728692738,-4.70885726900047,2.15725687124687,-4.7291176825354
2.15725687124687,-4.7291176825354,2.07709997367585,-4.8689803715776
2.07709997367585,-4.8689803715776,1.9430791978684,-4.90742217299252
1.9430791978684,-4.90742217299252,1.99153206157567,-5.00323746605565
1.99153206157567,-5.00323746605565,1.85197426894058,-5.00922652569785
1.85197426894058,-5.00922652569785,1.80796095880965,-5.10972667733142
1.80796095880965,-5.10972667733142,1.78508863938609,-5.19334049624315
1.78508863938609,-5.19334049624315,1.69386278447816,-5.29271191519809
1.69386278447816,-5.29271191519809,1.6497403435803,-5.48263137390437
1.6497403435803,-5.48263137390437,1.6577645332249,-5.3638962472865
1.6577645332249,-5.3638962472865,1.55570084794208,-5.47496559455341
1.55570084794208,-5.47496559455341,1.60641439515636,-5.61933693071303
3.91557607776854,-3.55737374747542,4.0192358228402,-3.59508170115803
4.0192358228402,-3.59508170115803,4.19886662569055,-3.53605451205446
0.829009320890455,-4.7411737576718,0.82928173315049,-4.7673173025464
0.82928173315049,-4.7673173025464,0.751959962273472,-4.7529210049099
0.751959962273472,-4.7529210049099,0.658672221426922,-4.8176445417053
0.658672221426922,-4.8176445417053,0.526636393980878,-4.75248729521012
1.60641439515636,-5.61933693071303,1.49923059322655,-5.63241773862201
1.49923059322655,-5.63241773862201,1.45271605640199,-5.79991755617543
1.45271605640199,-5.79991755617543,1.34025573074313,-5.81271047515531
1.34025573074313,-5.81271047515531,1.38418904825628,-5.98990240874963
1.38418904825628,-5.98990240874963,1.31700934237603,-6.09108468371632
1.31700934237603,-6.09108468371632,1.23603113009513,-6.15965316556648
1.23603113009513,-6.15965316556648,1.21816181313021,-6.22813261173887
1.10978745154451,-6.36517700139037,1.02464863152002,-6.38740088590605
1.02464863152002,-6.38740088590605,1.09569890428148,-6.48122137482602
0.916491694196242,-6.58407599717899,0.818094623579016,-6.71370827386732
0.818094623579016,-6.71370827386732,0.880225673240673,-6.77898386966071
0.880225673240673,-6.77898386966071,0.757856736366906,-6.76687643087672
0.757856736366906,-6.76687643087672,0.686229357918707,-6.88288364607461
0.686229357918707,-6.88288364607461,0.768520237514051,-7.00079314897226
0.571407133588123,-7.12790104306895,0.547989181247168,-7.15395218785376
0.547989181247168,-7.15395218785376,0.494166603699298,-7.31766718288114
0.526636393980878,-4.75248729521012,0.402140241287273,-4.82778396950393
0.402140241287273,-4.82778396950393,0.456608298221099,-4.85618133656972
0.456608298221099,-4.85618133656972,0.295251659286722,-4.87016955086568
0.295251659286722,-4.87016955086568,0.259056060113633,-4.95695600598383
0.259056060113633,-4.95695600598383,0.232891639940907,-4.91030404799393
0.232891639940907,-4.91030404799393,0.0576148149309596,-4.97144839274326
0.0576148149309596,-4.97144839274326,-0.00620477704356256,-5.08009274487792
-0.00620477704356256,-5.08009274487792,-0.0576301706050101,-5.10971936768797
-0.0576301706050101,-5.10971936768797,-0.182511141334642,-5.11562323230097
-0.182511141334642,-5.11562323230097,-0.27433144501632,-5.22824777056579
-0.27433144501632,-5.22824777056579,-0.342277307692158,-5.17951074458564
-0.342277307692158,-5.17951074458564,-0.477561348609611,-5.28856321702559
-0.477561348609611,-5.28856321702559,-0.518192561212987,-5.34678713972026
-0.518192561212987,-5.34678713972026,-0.614759319723796,-5.38585795150351
4.01068274879383,-4.05110308150817,4.02798011828071,-4.03506474633673
4.02798011828071,-4.03506474633673,4.13020799336641,-4.13967535789076
4.13020799336641,-4.13967535789076,4.11710293726778,-4.26777425740788
4.11710293726778,-4.26777425740788,4.17799444998461,-4.22862249699831
4.12220532361671,-4.42600913106436,4.209838027386,-4.4327523255462
4.209838027386,-4.4327523255462,4.16049820233403,-4.56013119358973
4.16049820233403,-4.56013119358973,4.10497668157189,-4.64102762777602
4.05814916061033,-4.77955477179118,4.08309261558352,-4.76187061632616
4.08309261558352,-4.76187061632616,4.0711613087586,-4.86263305964943
4.0711613087586,-4.86263305964943,4.06025673562918,-4.89252280239535
3.92752979106967,-5.02913942549684,3.95781821796997,-5.02559662884502
3.95781821796997,-5.02559662884502,3.93687930685352,-5.11617625343648
3.81744039773344,-5.27813144268019,3.76975907395607,-5.39480264278751
3.76975907395607,-5.39480264278751,3.75364300940061,-5.50175586668774
3.69543905708498,-5.74893266174256,3.68242750146711,-5.85607170835966
3.68242750146711,-5.85607170835966,3.68215932334854,-6.0453613766227
3.69256090721171,-6.40434709004232,3.6935642922512,-6.58323450669366
-0.805138786642703,-4.23016991292755,-0.849654541059563,-4.35053901931498
-0.849654541059563,-4.35053901931498,-1.02917122869561,-4.30268415908396
-1.02917122869561,-4.30268415908396,-1.11715343415457,-4.23347867410162
2.47509485157677,-4.35522253390495,2.37937705286358,-4.52748835090311
2.37937705286358,-4.52748835090311,2.3790946346404,-4.54372897439501
2.3790946346404,-4.54372897439501,2.33595522867556,-4.62264574377025
2.33595522867556,-4.62264574377025,2.36147047919366,-4.73433842616858
2.36147047919366,-4.73433842616858,2.28123536146508,-4.80456563284086
2.28123536146508,-4.80456563284086,2.38724458809936,-4.8583875886858
2.38724458809936,-4.8583875886858,2.36348999623358,-4.85064776688716
-1.80344103547433,0.8988046866589,-1.88481540913592,0.948280305494241
-1.88481540913592,0.948280305494241,-1.9622520163719,1.04036479337707
1.28239432116414,0.284368609757737,1.37290272156701,0.393081362048307
1.37290272156701,0.393081362048307,1.50265788560066,0.510275825518292
-1.80344103547433,0.8988046866589,-1.97393281099989,0.909721631426084
-1.97393281099989,0.909721631426084,-2.05612249285505,0.900537629526348
-2.05612249285505,0.900537629526348,-2.15556055383148,0.934587819425962
-2.15556055383148,0.934587819425962,-2.34921484750545,0.920898244255284
-2.34921484750545,0.920898244255284,-2.49678581396509,0.865916694631704
-2.49678581396509,0.865916694631704,-2.52851620105131,0.842448629403643
-2.52851620105131,0.842448629403643,-2.64220549333754,0.855040780098024
-2.64220549333754,0.855040780098024,-2.72946132637347,0.836876513061378
-2.72946132637347,0.836876513061378,-2.90108045908012,0.823999049492138
-2.90108045908012,0.823999049492138,-2.93189850079835,0.848807916747177
-2.93189850079835,0.848807916747177,-3.01711535263503,0.783852912696901
-3.01711535263503,0.783852912696901,-3.14547524369943,0.773580023819102
-3.14547524369943,0.773580023819102,-3.25121507581476,0.766105575168897
-3.25121507581476,0.766105575168897,-3.33208590294941,0.730171030361667
-3.33208590294941,0.730171030361667,-3.36334961167736,0.670859838198318
-3.57187294150396,0.703113742289629,-3.64088351436557,0.621849214531081
-3.64088351436557,0.621849214531081,-3.6770517992888,0.721472315231367
-3.6770517992888,0.721472315231367,-3.81270131514434,0.688145197230517
-3.81270131514434,0.688145197230517,-3.94742690084213,0.619307551524331
-3.94742690084213,0.619307551524331,-3.9463233250347,0.668749184494812
3.80950754898694,-1.85998090426302,3.80088738073586,-1.75242975369553
3.80088738073586,-1.75242975369553,3.89929316108926,-1.68241377157741
3.89929316108926,-1.68241377157741,3.92419694107161,-1.75685475111052
3.92419694107161,-1.75685475111052,3.97794730258539,-1.69412238509835
3.97794730258539,-1.69412238509835,4.02666623076263,-1.73174720362647
4.02666623076263,-1.73174720362647,4.12681981383172,-1.61017788076636
4.12681981383172,-1.61017788076636,4.1575972536879,-1.59947933649974
4.2863557477689,-1.49876636028765,4.36033954459796,-1.55649599246111
1.28239432116414,0.284368609757737,1.34179562657361,0.370875424021185
1.34179562657361,0.370875424021185,1.4678748110446,0.489725471856174
1.4678748110446,0.489725471856174,1.45547332906915,0.45717678014007
1.45547332906915,0.45717678014007,1.57328991455582,0.580902135135716
1.57328991455582,0.580902135135716,1.52836904441814,0.5936205194655
1.73443420635398,0.69973838138475,1.73137412557692,0.721182720352732
1.73137412557692,0.721182720352732,1.78784578592118,0.77668159270315
1.78784578592118,0.77668159270315,1.7905752480374,0.835517899892079
1.7855711789816,0.732259107081848,1.89139506841559,0.769320031884166
2.02449606802169,0.809558491271477,2.13375503984863,0.838695303191746
2.13375503984863,0.838695303191746,2.27740488503141,0.912837851584104
1.65792432929647,0.639856457152054,1.8192531538223,0.731956792618823
1.8192531538223,0.731956792618823,1.87153302314302,0.77388863403383
1.87153302314302,0.77388863403383,1.98863966088418,0.842047258482423
1.98863966088418,0.842047258482423,2.02723106358942,0.874541930034491
3.77245361410139,-1.77996483714906,3.83531153596038,-1.64897821709147
3.92253739252279,-1.46873584963202,3.95752167031521,-1.44181387817141
3.95752167031521,-1.44181387817141,3.99736337627922,-1.3181626139363
3.99736337627922,-1.3181626139363,4.01145964007037,-1.20160446931341
4.04553670103523,-0.605041176077431,3.986124969627,-0.546628251117837
3.986124969627,-0.546628251117837,4.01608238271057,-0.376218447415543
4.01608238271057,-0.376218447415543,4.01761426957345,-0.311633708770956
4.01761426957345,-0.311633708770956,3.92227891493469,-0.166859579579732
3.92227891493469,-0.166859579579732,3.87602984410231,-0.00615256067659884
4.02213946520569,-3.22603393208156,4.07711714455024,-3.27745542264587
4.07711714455024,-3.27745542264587,4.16501229753432,-3.1464003609413
4.05822825952384,-3.19890532047422,4.13781620283628,-3.26386089119011
4.33745015088575,-3.21598672966742,4.35790706715749,-3.20811992814697
4.05822825952384,-3.19890532047422,4.19712789363151,-3.22139961081824
4.19712789363151,-3.22139961081824,4.245604945349,-3.23580462972847
4.19886662569055,-3.53605451205446,4.25656003862092,-3.5714135285494
4.19886662569055,-3.53605451205446,4.23797712948761,-3.56188324205602
4.23797712948761,-3.56188324205602,4.41988382720184,-3.60480616838565
4.41988382720184,-3.60480616838565,4.50935222320317,-3.57050771661016
4.28577852841417,-4.0229985957041,4.28106033411999,-4.02320353988086
4.28106033411999,-4.02320353988086,4.32652251222431,-4.07278304134687
4.32652251222431,-4.07278304134687,4.44724654973106,-4.09102030082308
4.44724654973106,-4.09102030082308,4.4889447459851,-4.10840138918791
4.4889447459851,-4.10840138918791,4.64231267505452,-4.12821293223604
4.64231267505452,-4.12821293223604,4.69704145017237,-4.10497192862803
4.69704145017237,-4.10497192862803,4.86798415198981,-4.09455931224132
4.86798415198981,-4.09455931224132,4.90800768923877,-4.14268027586905
4.90800768923877,-4.14268027586905,4.99118002989381,-4.19518065041702
4.99118002989381,-4.19518065041702,5.13703934900397,-4.20489591005112
5.13703934900397,-4.20489591005112,5.25158054566808,-4.17517325650231
5.25158054566808,-4.17517325650231,5.34806281618087,-4.23799829184057
5.34806281618087,-4.23799829184057,5.4397403478429,-4.1919430043482
5.4397403478429,-4.1919430043482,5.57317773862125,-4.22552691535481
5.57317773862125,-4.22552691535481,5.6744698222402,-4.2428079003547
4.20229979811617,-7.46909026459834,4.14989930377314,-7.50984961262077
4.37301138501038,-7.67827353320387,4.4250012398524,-7.70144926435199
4.4250012398524,-7.70144926435199,4.45074739440304,-7.72962181554507
3.6935642922512,-6.58323450669366,3.73940411934044,-6.70105502617037
4.55555519657429,-7.54429003475312,4.73194734001359,-7.56860686489212
2.36348999623358,-4.85064776688716,2.43121395238509,-4.95720892570997
2.43121395238509,-4.95720892570997,2.47732361635314,-5.0526199344291
2.47732361635314,-5.0526199344291,2.52621183217604,-5.13537376087479
2.52621183217604,-5.13537376087479,2.52311103500894,-5.20963920674652
2.36348999623358,-4.85064776688716,2.32592099515398,-4.97508501253467
2.32592099515398,-4.97508501253467,2.24365283010911,-5.12082244143472
2.24365283010911,-5.12082244143472,2.27289739708771,-5.29390516823135
2.27289739708771,-5.29390516823135,2.33174188067297,-5.27654040176059
2.33174188067297,-5.27654040176059,2.40580876813523,-5.30071732268349
2.40580876813523,-5.30071732268349,2.36964034065782,-5.46423845541721
2.36964034065782,-5.46423845541721,2.38302925569972,-5.59234002628333
1.60641439515636,-5.61933693071303,1.58568036511087,-5.65864681405882
1.58568036511087,-5.65864681405882,1.67565818371928,-5.84091951844211
1.67565818371928,-5.84091951844211,1.62719051719072,-5.88719069280659
1.62719051719072,-5.88719069280659,1.63841696390033,-6.045691861131
1.63841696390033,-6.045691861131,1.7715129768204,-6.15152194594458
0.494166603699298,-7.31766718288114,0.564017404644443,-7.31195478797241
0.564017404644443,-7.31195478797241,0.583757392272721,-7.48445148765852
0.583757392272721,-7.48445148765852,0.649803096862275,-7.62321268608859
0.649803096862275,-7.62321268608859,0.591857089693081,-7.66560661479805
0.593264930576813,-7.8796020435675,0.642715710583298,-7.93174378235866
0.642715710583298,-7.93174378235866,0.702321276886223,-7.97891704612204
0.702321276886223,-7.97891704612204,0.76779304756816,-8.12071712718356
0.76779304756816,-8.12071712718356,0.783009607162841,-8.18034833548135
0.783009607162841,-8.18034833548135,0.742416766386951,-8.27282831760269
0.526636393980878,-4.75248729521012,0.514030741395939,-4.82924154762951
0.514030741395939,-4.82924154762951,0.455394895559115,-4.87987975806607
0.455394895559115,-4.87987975806607,0.450079331140453,-4.96277430284212
0.450079331140453,-4.96277430284212,0.341164149009234,-5.04286982841875
0.341164149009234,-5.04286982841875,0.376543309090995,-5.08746121377321
0.376543309090995,-5.08746121377321,0.381403517274981,-5.1830120232969
0.229923390404573,-5.28760561724485,0.135457264219897,-5.32320707956456
0.135457264219897,-5.32320707956456,0.24123709047743,-5.48609394212541
0.24123709047743,-5.48609394212541,0.0814919250056539,-5.44782152019594
-0.65243860438613,-5.58537434537936,-0.739823358528437,-5.62051386518637
-0.739823358528437,-5.62051386518637,-0.74437046251875,-5.71671168254203
-0.74437046251875,-5.71671168254203,-0.735922554915408,-5.73572566185762
-0.900900176292588,-5.95682182145236,-0.851728452955819,-5.99099109238569
-0.851728452955819,-5.99099109238569,-0.954118839133733,-6.08090113685508
-0.614759319723796,-5.38585795150351,-0.695930969018689,-5.48441917115386
-0.884060251489914,-5.44298686334666,-0.943767162457263,-5.54451592686765
-0.943767162457263,-5.54451592686765,-1.0194572448428,-5.58555859405436
-1.0194572448428,-5.58555859405436,-1.14421759290789,-5.5751389703857
-0.663309373197929,-4.32559171295433,-0.722867874017128,-4.41157462658098
-0.722867874017128,-4.41157462658098,-0.845336257450633,-4.42669946714589
-0.845336257450633,-4.42669946714589,-0.863400130710254,-4.56841373453369
-0.863400130710254,-4.56841373453369,-0.971086072737061,-4.62663508283071
-0.971086072737061,-4.62663508283071,-1.11276757516588,-4.62172215236665
-1.11276757516588,-4.62172215236665,-1.08973348117045,-4.66125859698086
-1.29235117081815,-4.76038500656317,-1.36859216524089,-4.87274816229102
-1.11715343415457,-4.23347867410162,-1.23732757351834,-4.24690946729923
-1.23732757351834,-4.24690946729923,-1.25697971449848,-4.44096032056864
-1.25697971449848,-4.44096032056864,-1.3886961015218,-4.44244601374461
-1.3886961015218,-4.44244601374461,-1.40975957418158,-4.42048320946095
-1.58595168134516,-4.5744744359072,-1.59291213275226,-4.60402404722946
-1.59291213275226,-4.60402404722946,-1.7564106465141,-4.61629240049325
-1.7564106465141,-4.61629240049325,-1.80050321764982,-4.6737539543443
-1.11715343415457,-4.23347867410162,-1.25962442926142,-4.30255255401616
-1.25962442926142,-4.30255255401616,-1.31308575725423,-4.24474456892546
-1.31308575725423,-4.24474456892546,-1.44789449974832,-4.28972193278282
-1.44789449974832,-4.28972193278282,-1.5867884768926,-4.21176423694574
-1.77510342215193,-4.26595978331026,-1.75138345511653,-4.1755879695075
-1.75138345511653,-4.1755879695075,-1.92217529521706,-4.13816455608349
-3.9463233250347,0.668749184494812,-4.0889865990536,0.752876383059818
-4.0889865990536,0.752876383059818,-4.04374403070442,0.880589543542354
-4.04374403070442,0.880589543542354,-4.13317166941567,0.908802356926103
-4.13317166941567,0.908802356926103,-4.25003918828759,0.983736117075239
-4.25003918828759,0.983736117075239,-4.25735146930566,1.05537659869683
-4.25735146930566,1.05537659869683,-4.28822253643002,1.22713192770328
-4.28822253643002,1.22713192770328,-4.38149915034177,1.24993837742753
-4.38149915034177,1.24993837742753,-4.4003659421689,1.38116591685216
-4.4003659421689,1.38116591685216,-4.49096222198562,1.48900436201611
-4.49096222198562,1.48900436201611,-4.53948895358738,1.55088507857604
-4.53948895358738,1.55088507857604,-4.62653144849693,1.62236179045104
-4.62653144849693,1.62236179045104,-4.64122565646145,1.69865086937262
-4.64122565646145,1.69865086937262,-4.64582291607007,1.84416895724537
-4.64582291607007,1.84416895724537,-4.67771690794473,1.96531174890599
-4.67771690794473,1.96531174890599,-4.75044898476271,1.97332230601245
-4.75044898476271,1.97332230601245,-4.85044777047958,2.11135164963053
-4.85044777047958,2.11135164963053,-4.89808860514833,2.1064772505283
-4.15195310157997,0.526357308220058,-4.19759922947523,0.524172627932846
-4.19759922947523,0.524172627932846,-4.31711987804337,0.482784111316556
-4.31711987804337,0.482784111316556,-4.3431660050277,0.316733760568296
-4.3431660050277,0.316733760568296,-4.52924484082161,0.399240910537543
-1.9622520163719,1.04036479337707,-1.94637189886594,1.15739803199869
-1.94637189886594,1.15739803199869,-1.98323863108124,1.23594538053049
-1.98323863108124,1.23594538053049,-2.09202531149105,1.30744662987406
-2.09202531149105,1.30744662987406,-2.12144884041245,1.44220121809264
-2.12144884041245,1.44220121809264,-2.15761570380709,1.49629217261645
-2.15761570380709,1.49629217261645,-2.28270827018848,1.55369254508095
-2.28270827018848,1.55369254508095,-2.30322866897465,1.63708610382908
-1.9622520163719,1.04036479337707,-1.91945111008472,1.10319934148644
-1.86119988734307,1.27764354804484,-1.84603084452164,1.28044312640407
-1.84603084452164,1.28044312640407,-1.84396798138356,1.41529837879546
-1.84396798138356,1.41529837879546,-1.79012249144472,1.47747741112862
-1.79012249144472,1.47747741112862,-1.74568654089455,1.55128201681558
-1.74568654089455,1.55128201681558,-1.67393335113823,1.62285540685867
-1.67393335113823,1.62285540685867,-1.74438137524136,1.74891002548047
-1.63105479873302,1.91182419369938,-1.64100501075931,2.00938442419222
-1.64100501075931,2.00938442419222,-1.60645392406343,2.09994886806908
-1.60645392406343,2.09994886806908,-1.56228768532916,2.12000260902818
0.639611304711364,-1.1397454481291,0.625669766561026,-1.20579691755249
3.84942596816455,-3.40354956596792,3.89283399955533,-3.30364347190458
3.89283399955533,-3.30364347190458,4.02213946520569,-3.22603393208156
0.640991920864955,-0.447430473635393,0.740511392908039,-0.31696277946204
0.740511392908039,-0.31696277946204,0.7939138148502,-0.178861763255863
1.09569890428148,-6.48122137482602,0.971961485303702,-6.5697156737328
0.971961485303702,-6.5697156737328,0.916491694196242,-6.58407599717899
4.10497668157189,-4.64102762777602,4.16490871712535,-4.62986831257616
4.16490871712535,-4.62986831257616,4.25448398553725,-4.63019858769582
1.89139506841559,0.769320031884166,1.97551607553658,0.815979450676718
1.97551607553658,0.815979450676718,2.02449606802169,0.809558491271477
4.25656003862092,-3.5714135285494,4.31716231992538,-3.42158098388208
4.31716231992538,-3.42158098388208,4.42852435058173,-3.43249417250636
4.01068274879383,-4.05110308150817,4.13326183137955,-3.95337125779801
4.13326183137955,-3.95337125779801,4.28577852841417,-4.0229985957041
4.06582282480398,-7.13796167987348,4.17538198033318,-7.26641001722323
-1.91945111008472,1.10319934148644,-1.90083594428997,1.22499367255405
-1.90083594428997,1.22499367255405,-1.86119988734307,1.27764354804484
1.01951056241775,-4.66213386289256,0.973509655159269,-4.756848030804
0.973509655159269,-4.756848030804,0.829009320890455,-4.7411737576718
3.68215932334854,-6.0453613766227,3.64432282770891,-6.18074565984567
1.50265788560066,0.510275825518292,1.66278934582457,0.605307962835631
1.66278934582457,0.605307962835631,1.7855711789816,0.732259107081848
4.14989930377314,-7.50984961262077,4.24236357149076,-7.56710770676575
4.24236357149076,-7.56710770676575,4.37301138501038,-7.67827353320387
5.41109729853205,-7.72127757991823,5.57019676499501,-7.74827491829638
6.12927100654941,-7.57179578810889,6.25139707780348,-7.46615378002712
-1.08973348117045,-4.66125859698086,-1.16478816071107,-4.78306144219771
-1.16478816071107,-4.78306144219771,-1.29235117081815,-4.76038500656317
3.77245361410139,-1.77996483714906,3.80289540954129,-1.76880069866022
0.805068436062283,-1.34017180451602,0.860142565857969,-1.44618583952597
2.60231086515036,-2.32430471219866,2.72065836457848,-2.38037199699382
2.72065836457848,-2.38037199699382,2.75984062041192,-2.41850724114764
2.48811689359079,-4.25388358980959,2.39741787716202,-4.27956447224487
2.39741787716202,-4.27956447224487,2.2770592653273,-4.42758404445612
1.48989997573913,-4.70099181270667,1.30743828216056,-4.74745967668328
1.30743828216056,-4.74745967668328,1.1731281575057,-4.71821748741143
-3.36334961167736,0.670859838198318,-3.46069019472626,0.655702445182919
-3.46069019472626,0.655702445182919,-3.57187294150396,0.703113742289629
3.9897154513633,-0.804117452682729,4.00873356322652,-0.715732032666397
4.00873356322652,-0.715732032666397,4.04553670103523,-0.605041176077431
3.74298554072154,-6.846105317363,3.82818026239049,-6.99258978348341
3.82818026239049,-6.99258978348341,3.92778487446198,-7.09176361324573
4.0018234611621,-7.3095390007198,4.08722912876091,-7.38884862645144
4.08722912876091,-7.38884862645144,4.20229979811617,-7.46909026459834
3.96813638751943,-7.09466221403553,4.06582282480398,-7.13796167987348
4.17538198033318,-7.26641001722323,4.31757733908474,-7.35454990559227
3.08158538638201,-3.00273790861256,3.05470040113967,-3.12123451136019
3.05470040113967,-3.12123451136019,3.05428969931652,-3.20584894200852
2.98180334554935,-3.5540597721734,2.90161585557188,-3.65414142266009
2.90161585557188,-3.65414142266009,2.88171426252025,-3.68332818264874
3.6935642922512,-6.58323450669366,3.71279675948658,-6.70873801257914
3.71279675948658,-6.70873801257914,3.74298554072154,-6.846105317363
3.92778487446198,-7.09176361324573,3.92718463660237,-7.14332518985969
3.92718463660237,-7.14332518985969,4.0018234611621,-7.3095390007198
3.73940411934044,-6.70105502617037,3.82966203705582,-6.81761316590772
3.82966203705582,-6.81761316590772,3.86575872483412,-6.94267637125344
-0.0734345955402905,-0.392626751665022,0.0259335966426208,-0.371731396656349
0.0259335966426208,-0.371731396656349,0.076703423996747,-0.37454970774736
2.25644807113879,-2.13403730401739,2.39652042972089,-2.20599348574348
2.39652042972089,-2.20599348574348,2.55700639287899,-2.29009241493045
0.121495716650264,-4.55423170337835,0.0119411899832792,-4.49613298133939
0.0119411899832792,-4.49613298133939,-0.084529068204892,-4.38932105478757
4.1575972536879,-1.59947933649974,4.22983733151884,-1.57184530614582
4.22983733151884,-1.57184530614582,4.2863557477689,-1.49876636028765
0.381403517274981,-5.1830120232969,0.309901121927585,-5.19359362810023
0.309901121927585,-5.19359362810023,0.229923390404573,-5.28760561724485
-1.40975957418158,-4.42048320946095,-1.4999656870421,-4.50330478348302
-1.4999656870421,-4.50330478348302,-1.58595168134516,-4.5744744359072
0.625669766561026,-1.20579691755249,0.689727731980799,-1.28860508525297
0.689727731980799,-1.28860508525297,0.805068436062283,-1.34017180451602
5.12638071145142,-7.70218901213918,5.30909701157808,-7.73288835458442
5.30909701157808,-7.73288835458442,5.41109729853205,-7.72127757991823
2.06132615724885,-2.05986589669845,2.25644807113879,-2.13403730401739
2.80103668703043,-3.80713300674595,2.7629594461312,-3.92052074074286
2.7629594461312,-3.92052074074286,2.72221751783153,-4.00231618755247
2.3012453770631,-4.51152620521022,2.26979905921524,-4.59102154190081
2.26979905921524,-4.59102154190081,2.23761151815845,-4.65771676880409
4.06025673562918,-4.89252280239535,4.01232615530705,-4.93568856714812
4.01232615530705,-4.93568856714812,3.92752979106967,-5.02913942549684
-0.663309373197929,-4.32559171295433,-0.730735334188342,-4.28529436606921
-0.730735334188342,-4.28529436606921,-0.805138786642703,-4.23016991292755
-0.735922554915408,-5.73572566185762,-0.819927449248489,-5.88389946736299
-0.819927449248489,-5.88389946736299,-0.900900176292588,-5.95682182145236
5.57019676499501,-7.74827491829638,5.75965738809732,-7.71954320986886
5.75965738809732,-7.71954320986886,5.86533948537962,-7.67028229806031
5.86533948537962,-7.67028229806031,5.97291686241756,-7.63821214705391
5.97291686241756,-7.63821214705391,6.12927100654941,-7.57179578810889
1.35857242047967,-1.70167145917601,1.52240889922528,-1.77806091497296
4.31757733908474,-7.35454990559227,4.42488361570684,-7.40336213627202
4.42488361570684,-7.40336213627202,4.55555519657429,-7.54429003475312
1.06513272008147,0.1458311432779,1.15306489940016,0.20905187472602
1.15306489940016,0.20905187472602,1.28239432116414,0.284368609757737
3.75364300940061,-5.50175586668774,3.71337942304852,-5.63682556136187
3.71337942304852,-5.63682556136187,3.69543905708498,-5.74893266174256
2.52311103500894,-5.20963920674652,2.52504712315134,-5.30138718554433
2.52504712315134,-5.30138718554433,2.55660673548419,-5.39996012688167
-3.9463233250347,0.668749184494812,-4.08947270139687,0.56452653584467
-4.08947270139687,0.56452653584467,-4.15195310157997,0.526357308220058
3.80289540954129,-1.76880069866022,3.8727082266775,-1.67560737678861
3.8727082266775,-1.67560737678861,3.90016620809373,-1.61569314137165
0.860142565857969,-1.44618583952597,0.988351653025107,-1.48904484691378
0.988351653025107,-1.48904484691378,1.10676637092312,-1.54039034997464
-1.11137032039803,0.374967474018248,-1.21403555626739,0.449871354152764
-1.21403555626739,0.449871354152764,-1.29871902956056,0.530965925810484
2.60595454206317,-4.10746933050252,2.53904663042888,-4.18279411069894
2.53904663042888,-4.18279411069894,2.49088929075927,-4.31388447394303
0.349244868557887,-4.56786558015894,0.236322746217173,-4.53454756546815
0.236322746217173,-4.53454756546815,0.150524253503755,-4.47819534998978
0.7939138148502,-0.178861763255863,0.846015042963666,-0.128074930635836
0.846015042963666,-0.128074930635836,0.920493042102094,-0.0237954330911873
1.21816181313021,-6.22813261173887,1.14405038781775,-6.28790576697952
1.14405038781775,-6.28790576697952,1.10978745154451,-6.36517700139037
1.52836904441814,0.5936205194655,1.6564323640994,0.681269400220202
1.6564323640994,0.681269400220202,1.73443420635398,0.69973838138475
4.04589414645783,-0.99299751320644,4.01369394173584,-0.895938909913191
4.01369394173584,-0.895938909913191,3.9897154513633,-0.804117452682729
4.13781620283628,-3.26386089119011,4.25228149786696,-3.23218050523568
4.25228149786696,-3.23218050523568,4.33745015088575,-3.21598672966742
0.591857089693081,-7.66560661479805,0.587943832028526,-7.75724301964808
0.587943832028526,-7.75724301964808,0.593264930576813,-7.8796020435675
-0.614759319723796,-5.38585795150351,-0.655399404571203,-5.47828005433302
-0.655399404571203,-5.47828005433302,-0.65243860438613,-5.58537434537936
-0.695930969018689,-5.48441917115386,-0.822673011213285,-5.46920683289953
-0.822673011213285,-5.46920683289953,-0.884060251489914,-5.44298686334666
-1.5867884768926,-4.21176423694574,-1.62886283793929,-4.22470280297646
-1.62886283793929,-4.22470280297646,-1.77510342215193,-4.26595978331026
3.86575872483412,-6.94267637125344,3.90055388760216,-7.04727593822217
3.90055388760216,-7.04727593822217,3.96813638751943,-7.09466221403553
4.93323186346495,-7.62993240190059,5.04229202255601,-7.67875858852802
5.04229202255601,-7.67875858852802,5.12638071145142,-7.70218901213918
1.90706771718817,-1.94805734527705,2.06132615724885,-2.05986589669845
2.2770592653273,-4.42758404445612,2.16719536725281,-4.45806637257591
2.16719536725281,-4.45806637257591,2.08683867181586,-4.52189052120622
1.74236787254393,-4.62490445136197,1.64285615561277,-4.64026360119671
1.64285615561277,-4.64026360119671,1.55101212659948,-4.69125289896553
3.79339330051733,-3.37052207206368,3.85901641443033,-3.46121160656919
3.85901641443033,-3.46121160656919,3.91557607776854,-3.55737374747542
-0.857523623450375,0.133878128529965,-0.91531170145213,0.198494976107833
-0.91531170145213,0.198494976107833,-1.01008951572901,0.273580110885488
0.768520237514051,-7.00079314897226,0.660687066702795,-7.03944853424226
0.660687066702795,-7.03944853424226,0.571407133588123,-7.12790104306895
4.17799444998461,-4.22862249699831,4.13120020328634,-4.32680714195408
4.13120020328634,-4.32680714195408,4.12220532361671,-4.42600913106436
4.25448398553725,-4.63019858769582,4.14267421686246,-4.71869137823331
4.14267421686246,-4.71869137823331,4.05814916061033,-4.77955477179118
3.83531153596038,-1.64897821709147,3.86871228571872,-1.57461813187241
3.86871228571872,-1.57461813187241,3.92253739252279,-1.46873584963202
3.64432282770891,-6.18074565984567,3.67410216939911,-6.30320707604534
3.67410216939911,-6.30320707604534,3.69256090721171,-6.40434709004232
0.610512423378495,-0.815378283721995,0.591383861310901,-0.896183866453076
0.591383861310901,-0.896183866453076,0.572970282592107,-1.02921017364416
3.99161930392313,-3.83904995035877,3.98754743327555,-3.94328623300079
3.98754743327555,-3.94328623300079,4.01068274879383,-4.05110308150817
3.93687930685352,-5.11617625343648,3.85812281554037,-5.19845069981554
3.85812281554037,-5.19845069981554,3.81744039773344,-5.27813144268019
1.50265788560066,0.510275825518292,1.57719142580288,0.567572608868303
1.57719142580288,0.567572608868303,1.65792432929647,0.639856457152054
4.01145964007037,-1.20160446931341,4.04969857522019,-1.09679933631846
4.04969857522019,-1.09679933631846,4.04589414645783,-0.99299751320644
4.45074739440304,-7.72962181554507,4.52083321873077,-7.7974195613745
4.52083321873077,-7.7974195613745,4.55432926847963,-7.87848607467478
6.42062391563071,-7.38677526536452,6.52406855066748,-7.33730230604402
6.52406855066748,-7.33730230604402,6.57967829215205,-7.28127281988847
-1.74438137524136,1.74891002548047,-1.68646684651821,1.84120377190942
-1.68646684651821,1.84120377190942,-1.63105479873302,1.91182419369938
6.25139707780348,-7.46615378002712,6.32361864940326,-7.4387970334468
6.32361864940326,-7.4387970334468,6.42062391563071,-7.38677526536452
4.73194734001359,-7.56860686489212,4.82274625103135,-7.59908952878831
4.82274625103135,-7.59908952878831,4.93323186346495,-7.62993240190059
1.52240889922528,-1.77806091497296,1.6258536928755,-1.83703364935752
1.6258536928755,-1.83703364935752,1.73319481509156,-1.883681511052
1.73319481509156,-1.883681511052,1.8150326256777,-1.9170494664153
1.8150326256777,-1.9170494664153,1.90706771718817,-1.94805734527705
