2.38842629870667
2.55359161830982
2.5358136936133
3.28711652266233
4.55168421516578
4.50722722863997
3.94019231886685
5.14188682489911
5.70841326071182
5.94935810229233
6.95232867190972
7.58569109976267
8.77425939905731
9.61601364886864
9.99776316223204
9.69957509059
10.7230008779592
10.2928076574256
10.6480380831176
10.9115372721993
11.7078850663093
12.0830285990058
12.1497404045695
12.1994876310067
12.4360307750087
11.9192516435786
12.4159092311185
13.195337594682
13.2524457042456
14.1343118578298
