-0.101670258632263,-0.251621150899209,-0.101670258632263,-0.251621150899209
3.13146998977016,-1.31179105914965,3.18698051578414,-1.35551874630396
-0.767878494883278,0.215528545048019,-0.843096509379191,0.181508432064235
3.4695104741866,-5.56535848472558,3.48829696347759,-5.64077076092379
-0.101670258632263,-0.251621150899209,-0.0201501204109911,-0.212491330313854
-0.0201501204109911,-0.212491330313854,-0.00707773207450573,-0.284461972099907
-0.00707773207450573,-0.284461972099907,0.0872515830108373,-0.320493883098364
0.0872515830108373,-0.320493883098364,0.214236025083573,-0.326173914156305
0.214236025083573,-0.326173914156305,0.31054163663811,-0.49194507819244
0.31054163663811,-0.49194507819244,0.430055844158313,-0.458412802188681
0.430055844158313,-0.458412802188681,0.423463941465148,-0.536797044659035
0.623254792938595,-0.548775286089176,0.703632569951317,-0.610222924846595
0.703632569951317,-0.610222924846595,0.823132631963586,-0.644217112958748
0.823132631963586,-0.644217112958748,0.932982062691615,-0.636266173813144
0.932982062691615,-0.636266173813144,0.935278330181923,-0.674268344742895
0.935278330181923,-0.674268344742895,1.12241273852327,-0.694152472300176
1.12241273852327,-0.694152472300176,1.2048253912053,-0.792642228930467
1.2048253912053,-0.792642228930467,1.33600483939219,-0.727433446812068
1.33600483939219,-0.727433446812068,1.37547743035016,-0.756989956061658
1.37547743035016,-0.756989956061658,1.53017139923517,-0.83632538032848
1.53017139923517,-0.83632538032848,1.57660030107134,-0.901256351547633
1.57660030107134,-0.901256351547633,1.72447374610241,-0.853429067556865
1.72447374610241,-0.853429067556865,1.77747296137424,-0.934433114801804
1.77747296137424,-0.934433114801804,1.90594451197294,-0.898125700191621
1.90594451197294,-0.898125700191621,1.88706354028044,-0.996737686820956
1.88706354028044,-0.996737686820956,1.94828909082492,-1.03027890016591
1.94828909082492,-1.03027890016591,2.04069034381541,-1.14678737154149
2.04069034381541,-1.14678737154149,2.13937734446143,-1.17287316839183
2.13937734446143,-1.17287316839183,2.26041681279894,-1.1697717700203
2.26041681279894,-1.1697717700203,2.30475085192621,-1.26790501158356
2.30475085192621,-1.26790501158356,2.4532286157915,-1.29659062757274
2.4532286157915,-1.29659062757274,2.48505749392492,-1.33442511884743
2.48505749392492,-1.33442511884743,2.59000037800489,-1.3312554070691
2.59000037800489,-1.3312554070691,2.5966529267384,-1.40940240560732
2.5966529267384,-1.40940240560732,2.66509818313065,-1.41808395689449
2.66509818313065,-1.41808395689449,2.70676908246383,-1.4466220716275
2.70676908246383,-1.4466220716275,2.79953306596566,-1.51731762194492
2.79953306596566,-1.51731762194492,2.81385703577421,-1.54383278023435
2.81385703577421,-1.54383278023435,2.8026497191185,-1.54985053832863
2.8026497191185,-1.54985053832863,2.93543134379746,-1.59923934784622
2.93543134379746,-1.59923934784622,2.94599760050111,-1.56447870326246
2.94599760050111,-1.56447870326246,2.94343025395151,-1.61692902985288
2.94343025395151,-1.61692902985288,2.92392439655484,-1.64401638165347
2.92392439655484,-1.64401638165347,2.99133869288983,-1.65189271812711
2.99133869288983,-1.65189271812711,3.03600839155053,-1.71750803327652
3.03600839155053,-1.71750803327652,3.00560292589583,-1.71753074272986
3.00560292589583,-1.71753074272986,3.02121844583773,-1.7737736322888
3.02121844583773,-1.7737736322888,3.09234229382226,-1.78778413377099
-0.101670258632263,-0.251621150899209,-0.233769032821967,-0.13802324290364
-0.233769032821967,-0.13802324290364,-0.349681137910072,-0.0440821042641528
-0.349681137910072,-0.0440821042641528,-0.381571055348456,0.0181538028958879
-0.381571055348456,0.0181538028958879,-0.446423147401861,-0.00855546065033108
-0.618393247416465,0.115342920787281,-0.76250489786564,0.18199164149142
-0.76250489786564,0.18199164149142,-0.767878494883278,0.215528545048019
2.50808010136196,-4.85626029728977,2.44560089506854,-4.87740803365634
2.29726822010765,-4.95378166816003,2.2656832314701,-4.9786485006658
2.03252003636804,-4.95763133927189,2.04270078798627,-4.9730421099443
2.04270078798627,-4.9730421099443,1.94383248458472,-4.94938375591882
1.94383248458472,-4.94938375591882,1.87849394368992,-4.97993491092729
1.66053298046911,-4.93731817385602,1.48969454414318,-4.88523775654995
1.48969454414318,-4.88523775654995,1.35756576854919,-4.83877449207459
0.484771800947836,-4.30576174621715,0.434145378959286,-4.29842948325392
0.434145378959286,-4.29842948325392,0.452408523643079,-4.34060264932256
0.452408523643079,-4.34060264932256,0.35136701042899,-4.13735010817654
0.35136701042899,-4.13735010817654,0.344270761147882,-4.10893979041297
0.344270761147882,-4.10893979041297,0.247805467139575,-4.12185443230128
0.247805467139575,-4.12185443230128,0.227112477934021,-4.09105165993801
0.227112477934021,-4.09105165993801,0.17622171229659,-3.97171512977625
0.17622171229659,-3.97171512977625,0.0998754299256298,-4.07394466412827
2.74774227121323,-4.96762919687542,2.81309060439087,-4.99156463264232
2.93310094055579,-5.03384704158113,2.98368163274706,-5.12891425020061
2.98368163274706,-5.12891425020061,3.07630731040745,-5.14394533222214
3.07630731040745,-5.14394533222214,3.25429175455531,-5.19642685951194
3.25429175455531,-5.19642685951194,3.40865837897697,-5.16919970687009
3.40865837897697,-5.16919970687009,3.4991560335092,-5.24295764466069
3.4991560335092,-5.24295764466069,3.47081410946117,-5.23319030735277
1.94383248458472,-4.94938375591882,1.84996380628237,-5.00335980872258
1.84996380628237,-5.00335980872258,1.85704220284462,-5.01034823670177
1.85704220284462,-5.01034823670177,1.64517593090551,-4.99506147201093
1.64517593090551,-4.99506147201093,1.67404457453311,-5.01158276956184
1.67404457453311,-5.01158276956184,1.64836484086389,-5.0588577312628
1.64836484086389,-5.0588577312628,1.51975265103364,-5.01017536641974
1.51975265103364,-5.01017536641974,1.52306439683836,-5.01087706896903
1.52306439683836,-5.01087706896903,1.5058895947199,-5.07936690044937
1.5058895947199,-5.07936690044937,1.41949970981903,-5.02590988637321
3.47081410946117,-5.23319030735277,3.47337251031723,-5.21980922032665
3.47337251031723,-5.21980922032665,3.46968321803523,-5.28011961401283
3.46968321803523,-5.28011961401283,3.59601902371665,-5.2718872206909
3.59601902371665,-5.2718872206909,3.625585551515,-5.30458455913226
3.625585551515,-5.30458455913226,3.55514853199686,-5.31083238604064
3.47081410946117,-5.23319030735277,3.64679660781249,-5.22262529254052
3.64679660781249,-5.22262529254052,3.73317505675781,-5.22734048152193
3.97088730091425,-5.21610839704561,4.06751414110653,-5.19176325961152
4.06751414110653,-5.19176325961152,4.15263530768273,-5.14021657736716
4.15263530768273,-5.14021657736716,4.141332419301,-5.15167660506913
3.55473968620561,-1.88182428306115,3.61350961401824,-1.85906331648611
2.70676908246383,-1.4466220716275,2.8272790641204,-1.45848682828325
2.8272790641204,-1.45848682828325,2.8350627918955,-1.4098958970792
2.8350627918955,-1.4098958970792,2.92639731976334,-1.42897570076882
2.92639731976334,-1.42897570076882,2.97367290384069,-1.35698949688589
2.97367290384069,-1.35698949688589,3.13146998977016,-1.31179105914965
3.55514853199686,-5.31083238604064,3.54791324369309,-5.41653680642372
3.54791324369309,-5.41653680642372,3.47496699087591,-5.41468314986754
3.47496699087591,-5.41468314986754,3.44339226632474,-5.50786654545588
3.44339226632474,-5.50786654545588,3.53618667240923,-5.50250685596666
3.53618667240923,-5.50250685596666,3.4695104741866,-5.56535848472558
0.0998754299256298,-4.07394466412827,0.0272650928638026,-3.97776857921035
0.0272650928638026,-3.97776857921035,-0.0249476274589511,-3.882199122153
-0.0249476274589511,-3.882199122153,-0.0505168403341628,-3.86730380054974
-0.0505168403341628,-3.86730380054974,-0.189250282524769,-3.82234005725161
-0.189250282524769,-3.82234005725161,-0.347218463086053,-3.81806786850303
1.90594451197294,-0.898125700191621,1.95826593410383,-0.851677061603921
1.95826593410383,-0.851677061603921,1.97628007669755,-0.835220771051345
1.97628007669755,-0.835220771051345,1.91001778576904,-0.827345481133224
1.91001778576904,-0.827345481133224,1.89555068159608,-0.718810177658769
1.89555068159608,-0.718810177658769,1.93999901523606,-0.649360238951159
1.93999901523606,-0.649360238951159,1.99978477836898,-0.701183256338839
1.99978477836898,-0.701183256338839,1.87898406523575,-0.547278459826835
1.87898406523575,-0.547278459826835,1.93119205296497,-0.557972445631079
1.93119205296497,-0.557972445631079,1.90492653557488,-0.495923917137743
1.90492653557488,-0.495923917137743,1.94362669203944,-0.495631660355874
1.94362669203944,-0.495631660355874,1.89841578592937,-0.423668598165274
1.89841578592937,-0.423668598165274,1.83400363795669,-0.429387121211363
1.83400363795669,-0.429387121211363,1.8824692871023,-0.391368044004269
1.8824692871023,-0.391368044004269,1.88696434272111,-0.377897833305033
1.88696434272111,-0.377897833305033,1.86646063788038,-0.351673234037913
1.86646063788038,-0.351673234037913,1.88733883255044,-0.331147152489815
1.88733883255044,-0.331147152489815,1.87737065748146,-0.253702359534371
0.0998754299256298,-4.07394466412827,0.0665675831491057,-4.03240681720846
0.0665675831491057,-4.03240681720846,0.0249855342822221,-4.0819588906894
0.0249855342822221,-4.0819588906894,-0.0633510940923399,-4.10251531602228
-0.0633510940923399,-4.10251531602228,-0.0652540187266404,-4.08689782969058
-0.0652540187266404,-4.08689782969058,-0.236463615836463,-4.16539314888059
-0.236463615836463,-4.16539314888059,-0.274883038293342,-4.27021341262828
-0.274883038293342,-4.27021341262828,-0.326553713469636,-4.25046026329779
4.82224804897804,-2.68383247232644,4.88037666584321,-2.6909678392771
5.00242979037773,-2.97293459902856,5.0533478658238,-3.05241320608404
5.13256986371659,-3.30172333837814,5.14832417052852,-3.38667852314252
5.14832417052852,-3.38667852314252,5.22020963399697,-3.46310639925001
5.22020963399697,-3.46310639925001,5.21565827998417,-3.6209810257218
5.21565827998417,-3.6209810257218,5.194443273024,-3.47535997047137
5.194443273024,-3.47535997047137,5.23716361812452,-3.58066897023201
5.23716361812452,-3.58066897023201,5.20691896787834,-3.65703679717301
5.20691896787834,-3.65703679717301,5.27683071079012,-3.67988847745459
5.27683071079012,-3.67988847745459,5.29842030246376,-3.7458735404991
5.29842030246376,-3.7458735404991,5.36328304344551,-3.79549106645307
5.36328304344551,-3.79549106645307,5.37653433953051,-3.72550774973375
1.41949970981903,-5.02590988637321,1.29546095856168,-5.0290911550834
1.29546095856168,-5.0290911550834,1.30378747140549,-5.0367642091874
1.30378747140549,-5.0367642091874,1.22494812236846,-5.02287178715686
1.22494812236846,-5.02287178715686,1.25804035444388,-5.13498380646503
1.25804035444388,-5.13498380646503,1.0873978701272,-5.11146496693247
1.0873978701272,-5.11146496693247,1.09506638791486,-5.12454103667419
1.09506638791486,-5.12454103667419,0.90026551642064,-5.06039994156313
0.90026551642064,-5.06039994156313,0.950562243224807,-5.15964462642857
0.950562243224807,-5.15964462642857,0.857410962540608,-5.1640251383406
0.857410962540608,-5.1640251383406,0.789918583426672,-5.16989020371451
0.789918583426672,-5.16989020371451,0.695463128036762,-5.16749671917892
0.695463128036762,-5.16749671917892,0.664565621031057,-5.20288946898146
0.664565621031057,-5.20288946898146,0.587438890878856,-5.25347796803331
0.587438890878856,-5.25347796803331,0.43371567925057,-5.28038216135378
0.43371567925057,-5.28038216135378,0.439346976641698,-5.28618894270155
0.231043086445703,-5.36025862737019,0.162444970893896,-5.30955927236146
0.162444970893896,-5.30955927236146,0.130430066575553,-5.38732446628718
-0.0596458200875894,-5.4903311482272,-0.150314270172781,-5.47286433076165
-0.316972801808243,-5.59339107060557,-0.448250092504918,-5.66527589367689
-0.767878494883278,0.215528545048019,-0.843711496308483,0.270925417837053
-0.843711496308483,0.270925417837053,-0.821974985785541,0.345145349657588
-0.821974985785541,0.345145349657588,-0.849345611109931,0.520579719197827
-0.849345611109931,0.520579719197827,-0.971541000702176,0.621861535138132
-0.971541000702176,0.621861535138132,-0.983919531560857,0.6671428803658
1.41949970981903,-5.02590988637321,1.40272825953485,-5.11668585419528
1.40272825953485,-5.11668585419528,1.47882893733605,-5.13355682397996
1.47882893733605,-5.13355682397996,1.48521854875734,-5.15883929188196
1.48521854875734,-5.15883929188196,1.47585865365838,-5.25469628811341
1.47585865365838,-5.25469628811341,1.37162077864087,-5.21341730082954
1.37162077864087,-5.21341730082954,1.31054410265037,-5.26831660249731
1.31054410265037,-5.26831660249731,1.40368276089705,-5.34357259628587
3.55514853199686,-5.31083238604064,3.58861096426634,-5.38539046253193
3.58861096426634,-5.38539046253193,3.68731657963419,-5.36946288598361
3.68731657963419,-5.36946288598361,3.7420825509906,-5.38355400685684
3.7420825509906,-5.38355400685684,3.78119605086051,-5.41757431947926
3.78119605086051,-5.41757431947926,3.84767214595406,-5.51354631860467
3.84767214595406,-5.51354631860467,3.92002036669931,-5.48176651765463
3.92002036669931,-5.48176651765463,3.99236164047181,-5.57232634811031
3.99236164047181,-5.57232634811031,4.04031672184069,-5.58141496206456
4.04031672184069,-5.58141496206456,4.06280122254474,-5.72235253369922
4.06280122254474,-5.72235253369922,4.144220011476,-5.73962442570746
4.144220011476,-5.73962442570746,4.13535978761484,-5.84960615681625
4.13535978761484,-5.84960615681625,4.26233321336796,-5.88833178575983
4.26233321336796,-5.88833178575983,4.32463663057066,-5.92933856336256
4.32463663057066,-5.92933856336256,4.36535864450028,-6.07639406701291
4.36535864450028,-6.07639406701291,4.40497040786685,-6.07275499389207
4.40497040786685,-6.07275499389207,4.38246894465715,-6.1499781261073
3.51173956148613,-1.83453377631899,3.65510401221065,-1.85103329771328
3.65510401221065,-1.85103329771328,3.83295428694471,-1.81149080892947
3.83295428694471,-1.81149080892947,3.91204361586298,-1.89471241149922
3.4695104741866,-5.56535848472558,3.38244755683042,-5.62773261626514
3.38244755683042,-5.62773261626514,3.35977591236383,-5.69721720350088
3.35977591236383,-5.69721720350088,3.36278219862862,-5.77912229062989
3.36278219862862,-5.77912229062989,3.29499024183529,-5.93114936948437
3.29499024183529,-5.93114936948437,3.3105176384014,-5.94464120644586
3.3105176384014,-5.94464120644586,3.19504349441859,-6.05444952733658
3.19504349441859,-6.05444952733658,3.1881116137576,-6.1191959589229
3.1881116137576,-6.1191959589229,3.13102631285363,-6.15300641844645
3.13102631285363,-6.15300641844645,3.08978739840189,-6.2147536557514
3.08978739840189,-6.2147536557514,3.06213596935587,-6.35425329154263
3.06213596935587,-6.35425329154263,3.00174787191048,-6.43400381111073
3.00174787191048,-6.43400381111073,3.06280954230284,-6.60413333021275
3.06280954230284,-6.60413333021275,2.97410227605515,-6.66164707245453
2.97410227605515,-6.66164707245453,2.9298392645027,-6.84271461357701
2.9298392645027,-6.84271461357701,2.90636035457862,-6.83668055174894
2.90636035457862,-6.83668055174894,2.87453117597842,-6.97557102926768
2.87453117597842,-6.97557102926768,2.86492156946271,-7.09271633576044
4.33205065945084,-5.12125263249351,4.43846504071205,-5.10086464574801
4.43846504071205,-5.10086464574801,4.43671185137441,-5.13415197102663
4.43671185137441,-5.13415197102663,4.44549133649901,-5.09389857727513
4.44549133649901,-5.09389857727513,4.57517752728523,-5.15072956592798
-0.843096509379191,0.181508432064235,-1.01938206765263,0.2496805510132
-1.01938206765263,0.2496805510132,-1.04099379850595,0.194560491108133
-1.04099379850595,0.194560491108133,-1.14064670259305,0.057311739035754
-1.14064670259305,0.057311739035754,-1.31672970785768,-0.00191536579704328
-1.31672970785768,-0.00191536579704328,-1.29365840682255,-0.0793509902785876
-1.49068797353391,-0.0960418823134375,-1.48046733792991,-0.193627507557214
-1.48046733792991,-0.193627507557214,-1.59016510276631,-0.24100153712952
-1.59016510276631,-0.24100153712952,-1.65658963567345,-0.235911164052824
-1.65658963567345,-0.235911164052824,-1.74735464742881,-0.269233634660942
-1.93039420241705,-0.387493475409887,-1.94612909213831,-0.385513599528661
-1.94612909213831,-0.385513599528661,-1.9966483949566,-0.543919626432423
-1.9966483949566,-0.543919626432423,-2.06135905091974,-0.582230500191335
-2.06135905091974,-0.582230500191335,-2.25626922150334,-0.582484611353064
-2.25626922150334,-0.582484611353064,-2.23368719402406,-0.577952625612563
-2.23368719402406,-0.577952625612563,-2.35270976312984,-0.663140067017445
-2.35270976312984,-0.663140067017445,-2.50456893127133,-0.794116735669066
-0.843096509379191,0.181508432064235,-1.00097888828639,0.270637581145375
-1.00097888828639,0.270637581145375,-0.989801160927851,0.232248199620201
-1.16787330157643,0.348161031775277,-1.22572716975189,0.317534443449198
-1.22572716975189,0.317534443449198,-1.34136442144671,0.351624830589856
-1.34136442144671,0.351624830589856,-1.54387179870877,0.331884564838168
-1.54387179870877,0.331884564838168,-1.59375528451132,0.367189957497666
-1.59375528451132,0.367189957497666,-1.64036622941446,0.449582581763963
-1.64036622941446,0.449582581763963,-1.79654229874877,0.407548418874185
-1.79654229874877,0.407548418874185,-1.92094289674324,0.417325073260669
-1.92094289674324,0.417325073260669,-1.90879069437157,0.395460786822936
-0.983919531560857,0.6671428803658,-1.00366828879252,0.750333632119266
-1.00366828879252,0.750333632119266,-1.0936221803981,0.743658722697474
-1.0936221803981,0.743658722697474,-1.18382528517635,0.893501603912502
-1.18382528517635,0.893501603912502,-1.3183367805187,0.967879981120033
-1.3183367805187,0.967879981120033,-1.39844363684613,1.01603429084726
-1.48055058202726,1.17276913796537,-1.61348222923476,1.18931909163813
-1.61348222923476,1.18931909163813,-1.65817783675248,1.19890275815041
-0.983919531560857,0.6671428803658,-0.910376260642082,0.792443808581266
-0.910376260642082,0.792443808581266,-1.00498507653385,0.942995285029948
-1.00498507653385,0.942995285029948,-0.951955237920648,1.05758153718434
-0.951955237920648,1.05758153718434,-1.03166886571852,1.11012298396788
-0.936882597952161,1.26723947325225,-1.05282605633178,1.38050816826928
1.87737065748146,-0.253702359534371,1.90176821584576,-0.262525297672185
1.90176821584576,-0.262525297672185,1.96930749441193,-0.244215401845416
1.96930749441193,-0.244215401845416,2.00888761080536,-0.250222497535949
2.00888761080536,-0.250222497535949,2.04134925684863,-0.133600908258291
1.87737065748146,-0.253702359534371,1.91101028579818,-0.213269100470626
1.91101028579818,-0.213269100470626,1.91198975776467,-0.209162126595932
2.32710340056811,2.63678636292852,2.32355673155713,2.7429587639684
2.30745143385063,2.78333741154322,2.25591894160126,2.80998306563846
2.25591894160126,2.80998306563846,2.22109618992241,2.85823200416131
2.22109618992241,2.85823200416131,2.26826332516951,2.90862529090452
2.26826332516951,2.90862529090452,2.20874256394968,2.9395683476967
2.20874256394968,2.9395683476967,2.20004101693686,2.99167760523518
2.20004101693686,2.99167760523518,2.11111311879394,2.97396446533329
2.11111311879394,2.97396446533329,2.08259542282522,3.0769977869293
2.08259542282522,3.0769977869293,2.13037850312259,3.07051320796353
2.13037850312259,3.07051320796353,2.04364414371859,3.1138613986709
2.04364414371859,3.1138613986709,1.97262600719791,3.15560700966276
3.13146998977016,-1.31179105914965,3.13452992442145,-1.28640893701099
3.13452992442145,-1.28640893701099,3.25152090682278,-1.22567054549671
3.25152090682278,-1.22567054549671,3.28363546952164,-1.18762376703753
3.28363546952164,-1.18762376703753,3.31575177571659,-1.0898163516776
3.18698051578414,-1.35551874630396,3.33565330069091,-1.3333575266386
3.33565330069091,-1.3333575266386,3.35912192828183,-1.2018403037575
3.18698051578414,-1.35551874630396,3.29468585722209,-1.31572639842007
3.29468585722209,-1.31572639842007,3.39054342334861,-1.30440553908878
3.39054342334861,-1.30440553908878,3.51363017999995,-1.28522483427551
3.51363017999995,-1.28522483427551,3.64601443992239,-1.31482200239611
3.64601443992239,-1.31482200239611,3.73171160867097,-1.27634386073992
3.73171160867097,-1.27634386073992,3.83718289608128,-1.25070341433567
3.83718289608128,-1.25070341433567,3.87920379718468,-1.25824320682799
3.87920379718468,-1.25824320682799,4.03602044907442,-1.2450711068775
4.11941050794096,-1.92357266953105,4.1496472247773,-1.94629801605233
3.91204361586298,-1.89471241149922,4.03845211489689,-1.87214705633607
4.03845211489689,-1.87214705633607,4.08915956936778,-1.90311552934549
4.08915956936778,-1.90311552934549,4.08379987709459,-1.87725203598174
4.08379987709459,-1.87725203598174,4.06874836427586,-1.83972017045672
4.06874836427586,-1.83972017045672,4.15814850229368,-1.85821677009505
4.15814850229368,-1.85821677009505,4.22509680680946,-1.85659728116008
4.22509680680946,-1.85659728116008,4.23547394376344,-1.86763398761079
4.23547394376344,-1.86763398761079,4.23436963453513,-1.84927905644839
4.23436963453513,-1.84927905644839,4.28223531127789,-1.85236391795114
4.82224804897804,-2.68383247232644,4.86555408226309,-2.66305367487805
4.86555408226309,-2.66305367487805,4.80889683456177,-2.51804140478405
4.80889683456177,-2.51804140478405,4.90513183173089,-2.55816809951682
5.37653433953051,-3.72550774973375,5.42521813347191,-3.68115914562616
5.42521813347191,-3.68115914562616,5.47708113259862,-3.616399782947
5.47708113259862,-3.616399782947,5.48425014851191,-3.51735518177837
5.48425014851191,-3.51735518177837,5.50516239633829,-3.46648010955748
5.50516239633829,-3.46648010955748,5.5263114737971,-3.32406875806105
5.5263114737971,-3.32406875806105,5.61575364576801,-3.23922227831638
5.61575364576801,-3.23922227831638,5.64810706510487,-3.10973390262572
5.64810706510487,-3.10973390262572,5.64851363558291,-3.0463559134162
5.64851363558291,-3.0463559134162,5.74043214243885,-3.13377492927002
5.74966701453325,-2.94942183114975,5.89905624855438,-3.00197627036978
5.84406026351404,-2.78838591303973,6.03063082811144,-2.77341220235541
6.03063082811144,-2.77341220235541,6.06912581404869,-2.75560016429886
6.06912581404869,-2.75560016429886,6.08049239527571,-2.6111324718528
6.08049239527571,-2.6111324718528,6.19609751131723,-2.60381220669401
6.19609751131723,-2.60381220669401,6.25983148941373,-2.48156859098274
6.25983148941373,-2.48156859098274,6.36824369694897,-2.39531665433286
6.36824369694897,-2.39531665433286,6.46268727779832,-2.30865186313821
5.37653433953051,-3.72550774973375,5.43153954200793,-3.7614470460912
5.43153954200793,-3.7614470460912,5.45920592315932,-3.90706935582773
5.45920592315932,-3.90706935582773,5.52469721056622,-3.85772694316249
5.52469721056622,-3.85772694316249,5.6040963397782,-3.94716629814667
4.52351528467844,-4.9656014963535,4.52751037857971,-5.05321454623403
4.57517752728523,-5.15072956592798,4.68320069084999,-5.12347958424583
4.68320069084999,-5.12347958424583,4.78746532840613,-5.07063778993023
4.78746532840613,-5.07063778993023,4.83579550368549,-5.16761152944833
4.89964887579341,-5.01816703788352,5.04490515912258,-5.00740123105852
4.57517752728523,-5.15072956592798,4.56011645702901,-5.20157316922453
4.56011645702901,-5.20157316922453,4.7510602510707,-5.24773061866744
4.7510602510707,-5.24773061866744,4.74425232848257,-5.29094030592276
4.38246894465715,-6.1499781261073,4.57313694979909,-6.14449122510391
4.57313694979909,-6.14449122510391,4.702271059251,-6.26609696101338
4.55972593130345,-6.37170931241812,4.49818489611721,-6.40053796889906
4.49818489611721,-6.40053796889906,4.56631146842647,-6.46352200878674
4.56631146842647,-6.46352200878674,4.58756997442422,-6.50030604808992
4.58756997442422,-6.50030604808992,4.67162819921551,-6.65173574036222
4.67162819921551,-6.65173574036222,4.66240279874812,-6.77713348459252
4.66240279874812,-6.77713348459252,4.70687669972965,-6.87901574632375
4.70687669972965,-6.87901574632375,4.692563777106,-6.97725588008499
4.692563777106,-6.97725588008499,4.82538927700018,-7.06789446739115
4.82538927700018,-7.06789446739115,4.75574771326678,-7.13490096834647
4.75574771326678,-7.13490096834647,4.8225552590483,-7.26415378338658
4.8225552590483,-7.26415378338658,4.77328561272992,-7.39871566971045
4.77328561272992,-7.39871566971045,4.94071151431574,-7.41009976520222
4.91720712042278,-7.63590250807403,4.91844423982635,-7.62051792693895
4.91844423982635,-7.62051792693895,4.88891244314236,-7.75291286799343
4.97450913231066,-7.84753013525998,4.97216241856905,-7.8757742002681
4.97216241856905,-7.8757742002681,5.05759684422328,-8.03499567133473
5.05759684422328,-8.03499567133473,4.99886327154603,-8.16837752384571
2.86492156946271,-7.09271633576044,2.76518144105299,-7.07441521934177
2.76518144105299,-7.07441521934177,2.76306320290039,-7.25690025234439
2.76306320290039,-7.25690025234439,2.6955958258472,-7.33855475376916
2.6955958258472,-7.33855475376916,2.69276419667606,-7.3854172987409
2.69276419667606,-7.3854172987409,2.61700834727061,-7.44685414808018
2.61700834727061,-7.44685414808018,2.62193438022485,-7.59278462945897
2.62193438022485,-7.59278462945897,2.52418407989752,-7.73891755012158
2.52418407989752,-7.73891755012158,2.4672793520864,-7.79966487860982
2.4672793520864,-7.79966487860982,2.4286115018903,-7.93912957101398
2.86492156946271,-7.09271633576044,2.84889908373032,-7.10183665249576
2.84889908373032,-7.10183665249576,2.93095438411964,-7.24336484141034
2.93095438411964,-7.24336484141034,2.97956800931963,-7.41035290228806
-0.448250092504918,-5.66527589367689,-0.552103363947499,-5.75236739659748
-0.552103363947499,-5.75236739659748,-0.614785425898401,-5.84120998550125
-0.614785425898401,-5.84120998550125,-0.612254117392668,-5.83858496035814
-0.783275227500595,-6.05870332578289,-0.880917798229653,-6.10946665062911
-0.880917798229653,-6.10946665062911,-0.869572255669016,-6.18520237944552
-0.448250092504918,-5.66527589367689,-0.543967230562751,-5.71716822515566
-0.543967230562751,-5.71716822515566,-0.54204323986047,-5.67568922452009
-0.789089499956794,-5.8327343164173,-0.830331022259949,-5.97989970275048
-0.830331022259949,-5.97989970275048,-0.887806187937443,-5.92120297062033
-0.887806187937443,-5.92120297062033,-0.958308054841394,-5.9959651520407
-0.958308054841394,-5.9959651520407,-1.08513199587887,-6.08754035358816
-1.08513199587887,-6.08754035358816,-1.15920782491417,-6.18280281044808
-1.15920782491417,-6.18280281044808,-1.24316353806117,-6.19019340238558
-1.24316353806117,-6.19019340238558,-1.26591877791751,-6.23694838903962
-1.26591877791751,-6.23694838903962,-1.32766285751642,-6.18988758632847
-1.32766285751642,-6.18988758632847,-1.40003505040286,-6.31229539137734
-1.40003505040286,-6.31229539137734,-1.51293698502893,-6.28397613474648
-1.51293698502893,-6.28397613474648,-1.58522679746523,-6.39393700907322
-1.58522679746523,-6.39393700907322,-1.72112118254657,-6.48063176580409
1.40368276089705,-5.34357259628587,1.42437778984485,-5.37830895403258
1.50070323414708,-5.48342498945892,1.48133536079477,-5.51178158067171
1.48133536079477,-5.51178158067171,1.50424450396078,-5.5590704488362
1.50424450396078,-5.5590704488362,1.51427106130829,-5.56786830279077
1.51427106130829,-5.56786830279077,1.57660681908902,-5.67038114577323
1.57660681908902,-5.67038114577323,1.61851784649115,-5.73988573404651
1.61851784649115,-5.73988573404651,1.72517003829244,-5.81844259197513
1.72517003829244,-5.81844259197513,1.75370871200535,-5.8708479728366
1.75370871200535,-5.8708479728366,1.74858358395471,-5.93936952159492
1.74858358395471,-5.93936952159492,1.89918021623169,-6.06275047479206
1.89918021623169,-6.06275047479206,1.89306711976376,-6.08924460372095
2.01691661021194,-6.37214557385161,2.04672955004565,-6.30557398293494
2.1793838071761,-6.66509096560214,2.19946135673741,-6.77798721102133
1.40368276089705,-5.34357259628587,1.4330694696724,-5.44599384364664
1.4330694696724,-5.44599384364664,1.44941238498359,-5.45467504226165
-0.326553713469636,-4.25046026329779,-0.383322982134779,-4.43012822385984
-0.383322982134779,-4.43012822385984,-0.571384301987373,-4.34240451865985
-0.571384301987373,-4.34240451865985,-0.646617853509878,-4.39260278518101
-0.326553713469636,-4.25046026329779,-0.356821314605315,-4.35630768856749
-0.627989569143022,-4.26907865916726,-0.583253598024456,-4.25581574124995
-0.583253598024456,-4.25581574124995,-0.727129752274893,-4.24705401048113
-0.727129752274893,-4.24705401048113,-0.820012835681721,-4.20549505961504
-0.820012835681721,-4.20549505961504,-0.903668840295001,-4.1621354279401
-0.903668840295001,-4.1621354279401,-1.06774173605384,-4.22816550048285
-1.06774173605384,-4.22816550048285,-1.15623548347018,-4.13196500954276
-1.15623548347018,-4.13196500954276,-1.20264571682325,-4.17292707793445
-1.41014335234886,-4.01062670938975,-1.45641249941014,-4.05572133162397
-1.45641249941014,-4.05572133162397,-1.61150244643291,-4.13236501113309
-1.61150244643291,-4.13236501113309,-1.71659619564126,-4.06752724507581
-1.71659619564126,-4.06752724507581,-1.79685421009996,-3.98327915043579
-1.79685421009996,-3.98327915043579,-1.8841941977948,-4.06328240459436
-1.8841941977948,-4.06328240459436,-2.00367794269437,-3.99568398593701
-2.00367794269437,-3.99568398593701,-2.08812668921564,-3.88681600219036
-2.08812668921564,-3.88681600219036,-2.24695104306024,-3.96522774961721
-0.347218463086053,-3.81806786850303,-0.350611674344226,-3.79995141103609
-0.350611674344226,-3.79995141103609,-0.403108339132075,-3.82210503209353
-0.403108339132075,-3.82210503209353,-0.526004795569535,-3.76228880962025
-0.526004795569535,-3.76228880962025,-0.649178399422082,-3.78390536749136
-0.649178399422082,-3.78390536749136,-0.742650166145877,-3.7503266140571
-0.347218463086053,-3.81806786850303,-0.324795049072103,-3.69708366000858
-0.324795049072103,-3.69708366000858,-0.387908279571525,-3.69342164063506
0.423463941465148,-0.536797044659035,0.598938695074396,-0.515157987116497
0.598938695074396,-0.515157987116497,0.623254792938595,-0.548775286089176
2.33897179687918,-4.93535719321663,2.29726822010765,-4.95378166816003
0.951353808134942,-4.64251573934919,0.920488118492942,-4.63752643826438
0.920488118492942,-4.63752643826438,0.832411559201077,-4.56840595120853
0.699343704832915,-4.53618262149558,0.611961859957799,-4.41841534833468
0.611961859957799,-4.41841534833468,0.484771800947836,-4.30576174621715
3.73317505675781,-5.22734048152193,3.82811094815093,-5.22554022391151
3.82811094815093,-5.22554022391151,3.97088730091425,-5.21610839704561
3.21957509559683,-1.80303358813191,3.38216887252576,-1.88298165676727
3.38216887252576,-1.88298165676727,3.55473968620561,-1.88182428306115
3.21957509559683,-1.80303358813191,3.35667599390737,-1.82154773302648
3.35667599390737,-1.82154773302648,3.51173956148613,-1.83453377631899
-0.612254117392668,-5.83858496035814,-0.717680450536708,-5.96039477178758
-0.717680450536708,-5.96039477178758,-0.783275227500595,-6.05870332578289
-0.869572255669016,-6.18520237944552,-0.982655368807507,-6.26609934093049
-0.982655368807507,-6.26609934093049,-1.04034136457562,-6.38953097933651
-0.356821314605315,-4.35630768856749,-0.518064032664834,-4.30867425429146
-0.518064032664834,-4.30867425429146,-0.627989569143022,-4.26907865916726
3.05419842172793,-1.99334449283528,3.01838401568887,-2.0175690108236
-0.446423147401861,-0.00855546065033108,-0.560462290292562,0.0308465932968321
-0.560462290292562,0.0308465932968321,-0.618393247416465,0.115342920787281
2.2656832314701,-4.9786485006658,2.15896417436691,-4.98827610973915
2.15896417436691,-4.98827610973915,2.03252003636804,-4.95763133927189
3.89851201016072,-1.97197880611743,4.05552090268702,-1.99476105710741
1.91507381593449,-0.0512431124944469,1.91117339546193,0.0709654899450879
2.29595756560624,2.59217623749714,2.32710340056811,2.63678636292852
2.32355673155713,2.7429587639684,2.28037731981512,2.77964810538388
2.28037731981512,2.77964810538388,2.30745143385063,2.78333741154322
4.38246894465715,-6.1499781261073,4.5273530659028,-6.22916691973905
4.5273530659028,-6.22916691973905,4.55972593130345,-6.37170931241812
4.88891244314236,-7.75291286799343,4.99769003422601,-7.78349907553433
4.99769003422601,-7.78349907553433,4.97450913231066,-7.84753013525998
-0.54204323986047,-5.67568922452009,-0.647039781144097,-5.76442625795567
-0.647039781144097,-5.76442625795567,-0.789089499956794,-5.8327343164173
1.42437778984485,-5.37830895403258,1.49080952888931,-5.48096602975256
1.49080952888931,-5.48096602975256,1.50070323414708,-5.48342498945892
2.01267640970554,-6.26133025204191,2.01691661021194,-6.37214557385161
-0.387908279571525,-3.69342164063506,-0.452459308733724,-3.70420975109952
-0.452459308733724,-3.70420975109952,-0.46751314205516,-3.62296905289279
3.06109812416678,-1.87829446812141,3.04691443203315,-1.88557886224074
3.04691443203315,-1.88557886224074,3.05419842172793,-1.99334449283528
2.55861977392661,-4.69264879959736,2.54499337835087,-4.79581390541393
2.54499337835087,-4.79581390541393,2.50808010136196,-4.85626029728977
2.81309060439087,-4.99156463264232,2.87106756115751,-5.02282413103769
2.87106756115751,-5.02282413103769,2.93310094055579,-5.03384704158113
2.19946135673741,-6.77798721102133,2.26382838964828,-6.89104898532438
2.26382838964828,-6.89104898532438,2.23174584134463,-7.01383843600542
2.79218601270597,-4.86334205672627,2.8100975206488,-4.91395044193136
3.09234229382226,-1.78778413377099,3.10725605194827,-1.81111337121622
3.10725605194827,-1.81111337121622,3.06109812416678,-1.87829446812141
0.832411559201077,-4.56840595120853,0.720040649264439,-4.44046226519227
0.720040649264439,-4.44046226519227,0.587370265766122,-4.33632811331545
4.65562152960513,-2.4949613941213,4.7874421792008,-2.63632732585605
4.7874421792008,-2.63632732585605,4.82224804897804,-2.68383247232644
4.88037666584321,-2.6909678392771,4.96141471567851,-2.86927778404094
4.96141471567851,-2.86927778404094,5.00242979037773,-2.97293459902856
-1.90879069437157,0.395460786822936,-2.09731713485934,0.447459362433528
-2.09731713485934,0.447459362433528,-2.18011922795133,0.468588999257077
1.91198975776467,-0.209162126595932,1.92252642047833,-0.0903575382173819
1.92252642047833,-0.0903575382173819,1.91507381593449,-0.0512431124944469
5.74043214243885,-3.13377492927002,5.77861440069482,-3.03944984326264
5.77861440069482,-3.03944984326264,5.74966701453325,-2.94942183114975
4.83579550368549,-5.16761152944833,4.8624652803901,-5.06331296418857
4.8624652803901,-5.06331296418857,4.89964887579341,-5.01816703788352
-0.46751314205516,-3.62296905289279,-0.591115539904501,-3.66957530320628
-0.591115539904501,-3.66957530320628,-0.673062377183467,-3.64189522670872
2.44560089506854,-4.87740803365634,2.37694254256687,-4.89156949118813
2.37694254256687,-4.89156949118813,2.33897179687918,-4.93535719321663
2.8100975206488,-4.91395044193136,2.71945021368531,-4.94934127020997
2.71945021368531,-4.94934127020997,2.74774227121323,-4.96762919687542
3.01838401568887,-2.0175690108236,2.98491150232231,-2.14487793913126
1.91117339546193,0.0709654899450879,1.93847989067222,0.172985655573501
3.06109812416678,-1.87829446812141,3.12233900727295,-1.80168598793514
3.12233900727295,-1.80168598793514,3.21957509559683,-1.80303358813191
1.87849394368992,-4.97993491092729,1.81716905299639,-4.96998498472888
1.81716905299639,-4.96998498472888,1.66053298046911,-4.93731817385602
1.10603631719354,-4.75184443764528,1.07026599205009,-4.70348983203052
1.07026599205009,-4.70348983203052,0.951353808134942,-4.64251573934919
4.47794628950952,-2.31636793390642,4.58155627722837,-2.41147636646544
4.58155627722837,-2.41147636646544,4.65562152960513,-2.4949613941213
-0.150314270172781,-5.47286433076165,-0.232613381190301,-5.51780967199533
-0.232613381190301,-5.51780967199533,-0.316972801808243,-5.59339107060557
-1.05282605633178,1.38050816826928,-1.02303827066548,1.50296152822198
-1.02303827066548,1.50296152822198,-1.04420417091015,1.60350549872938
2.2664717481821,2.17385774333257,2.29646999093231,2.36484977219113
4.94071151431574,-7.41009976520222,4.93139929744305,-7.48958878621805
4.93139929744305,-7.48958878621805,4.91720712042278,-7.63590250807403
2.04672955004565,-6.30557398293494,2.06891251996893,-6.39086549220657
2.06891251996893,-6.39086549220657,2.0951716888409,-6.46175278541264
3.61350961401824,-1.85906331648611,3.74223250456421,-1.9334267750418
3.74223250456421,-1.9334267750418,3.89851201016072,-1.97197880611743
4.26131128751657,-2.12053371096684,4.37298102478466,-2.20330910901434
4.37298102478466,-2.20330910901434,4.47794628950952,-2.31636793390642
2.29646999093231,2.36484977219113,2.32024993191728,2.51498610538438
2.32024993191728,2.51498610538438,2.29595756560624,2.59217623749714
2.80406919962724,-4.75753824695206,2.75604708250872,-4.7883891062283
2.75604708250872,-4.7883891062283,2.79218601270597,-4.86334205672627
2.63026526565088,-4.51603256635294,2.57993880584092,-4.63763021996381
2.57993880584092,-4.63763021996381,2.55861977392661,-4.69264879959736
4.141332419301,-5.15167660506913,4.26840471866676,-5.15267333448377
4.26840471866676,-5.15267333448377,4.33205065945084,-5.12125263249351
4.32170234743878,-5.10469378142722,4.42045985914038,-5.0404777677753
4.42045985914038,-5.0404777677753,4.52351528467844,-4.9656014963535
-1.20264571682325,-4.17292707793445,-1.31211250708358,-4.12876543198867
-1.31211250708358,-4.12876543198867,-1.41014335234886,-4.01062670938975
2.75694619260091,-4.31791241772355,2.68650213455596,-4.47149515822868
2.68650213455596,-4.47149515822868,2.7442762709661,-4.59695989938379
2.7442762709661,-4.59695989938379,2.72349008356045,-4.65934720980501
2.72349008356045,-4.65934720980501,2.80406919962724,-4.75753824695206
2.94437374669008,-2.28387695363507,2.90913893268731,-2.44856975462951
5.0533478658238,-3.05241320608404,5.11560855508644,-3.16859269272875
5.11560855508644,-3.16859269272875,5.13256986371659,-3.30172333837814
0.130430066575553,-5.38732446628718,-0.000235006060257259,-5.46832159969104
-0.000235006060257259,-5.46832159969104,-0.0596458200875894,-5.4903311482272
-1.74735464742881,-0.269233634660942,-1.81335110273986,-0.371345007558725
-1.81335110273986,-0.371345007558725,-1.93039420241705,-0.387493475409887
-1.03166886571852,1.11012298396788,-0.961220296941185,1.21343118860685
-0.961220296941185,1.21343118860685,-0.936882597952161,1.26723947325225
1.93847989067222,0.172985655573501,1.95788419782882,0.239227008078105
1.95788419782882,0.239227008078105,1.97815937606574,0.436348162450052
2.70496845045269,-4.13779817324856,2.75694619260091,-4.31791241772355
1.35756576854919,-4.83877449207459,1.24595483955113,-4.80770815471942
1.24595483955113,-4.80770815471942,1.10603631719354,-4.75184443764528
0.587370265766122,-4.33632811331545,0.657516939897674,-4.44676282629502
0.657516939897674,-4.44676282629502,0.699343704832915,-4.53618262149558
-1.29365840682255,-0.0793509902785876,-1.38372022116794,-0.0920724419270364
-1.38372022116794,-0.0920724419270364,-1.49068797353391,-0.0960418823134375
5.89905624855438,-3.00197627036978,5.8659031512945,-2.87888657546232
5.8659031512945,-2.87888657546232,5.84406026351404,-2.78838591303973
4.141332419301,-5.15167660506913,4.20781677259151,-5.12275624841338
4.20781677259151,-5.12275624841338,4.32170234743878,-5.10469378142722
2.23174584134463,-7.01383843600542,2.22328670582103,-7.13075943901145
2.22328670582103,-7.13075943901145,2.2496306203975,-7.2478110394115
4.05552090268702,-1.99476105710741,4.16217162213877,-2.07097252908443
4.16217162213877,-2.07097252908443,4.26131128751657,-2.12053371096684
2.23751213785897,1.95065906251806,2.28043400195718,2.07984579688416
2.28043400195718,2.07984579688416,2.2664717481821,2.17385774333257
1.97815937606574,0.436348162450052,1.99261528150473,0.54812632409488
1.99261528150473,0.54812632409488,2.02775051639448,0.607462169807908
2.21866579517744,1.82028955175113,2.23751213785897,1.95065906251806
2.90913893268731,-2.44856975462951,2.93699191141529,-2.58875839722811
2.93699191141529,-2.58875839722811,2.87912961817065,-2.72211839864977
2.87912961817065,-2.72211839864977,2.88057211433014,-2.86699898261385
2.67948577062485,-4.07993896255989,2.63161281827271,-4.21014884053665
2.63161281827271,-4.21014884053665,2.63073565565183,-4.32826001749485
2.63073565565183,-4.32826001749485,2.6209694998256,-4.44636246173852
2.6209694998256,-4.44636246173852,2.63026526565088,-4.51603256635294
2.98491150232231,-2.14487793913126,2.96759348067298,-2.20476553593272
2.96759348067298,-2.20476553593272,2.94437374669008,-2.28387695363507
2.89591712114002,-2.71583963162525,2.85249765099536,-2.92936274997493
0.439346976641698,-5.28618894270155,0.322909050822502,-5.29713962166883
0.322909050822502,-5.29713962166883,0.231043086445703,-5.36025862737019
3.91204361586298,-1.89471241149922,4.01958995681591,-1.88355326085632
4.01958995681591,-1.88355326085632,4.11941050794096,-1.92357266953105
2.0951716888409,-6.46175278541264,2.14941747880503,-6.56220911434504
2.14941747880503,-6.56220911434504,2.1793838071761,-6.66509096560214
1.89306711976376,-6.08924460372095,1.95643909839375,-6.16905989914877
1.95643909839375,-6.16905989914877,2.01267640970554,-6.26133025204191
2.90913893268731,-2.44856975462951,2.90382576692822,-2.57051421419035
2.90382576692822,-2.57051421419035,2.89591712114002,-2.71583963162525
2.70534185717338,-3.79671757178184,2.68681210259863,-3.93198091855145
2.68681210259863,-3.93198091855145,2.67948577062485,-4.07993896255989
2.02775051639448,0.607462169807908,2.05787845843675,0.770110040071402
2.05787845843675,0.770110040071402,2.11260861782524,0.957350626495159
2.85460446691556,-3.10937585656724,2.86903410240139,-3.23442286639145
2.81005690297092,-3.48045402869126,2.7934581546893,-3.65548617112572
2.76845622416039,-3.86470773353876,2.74531979569677,-3.9967328637703
2.74531979569677,-3.9967328637703,2.70496845045269,-4.13779817324856
2.74854714263062,-3.46152195090036,2.74005224783037,-3.63287157326429
2.74005224783037,-3.63287157326429,2.70534185717338,-3.79671757178184
-0.989801160927851,0.232248199620201,-1.08691647998343,0.276575804979971
-1.08691647998343,0.276575804979971,-1.16787330157643,0.348161031775277
-1.39844363684613,1.01603429084726,-1.45643857346092,1.1172259968409
-1.45643857346092,1.1172259968409,-1.48055058202726,1.17276913796537
2.11260861782524,0.957350626495159,2.11136686572103,1.06554703867567
2.11136686572103,1.06554703867567,2.13254499251288,1.14698257221126
2.13254499251288,1.14698257221126,2.14479595939275,1.28059934073784
2.14479595939275,1.28059934073784,2.1559081900295,1.38863870916256
2.1559081900295,1.38863870916256,2.2077362846252,1.50285964882252
2.2077362846252,1.50285964882252,2.21119457092748,1.60576026358404
2.21119457092748,1.60576026358404,2.2401033492442,1.71387721607032
2.2401033492442,1.71387721607032,2.21866579517744,1.82028955175113
2.88057211433014,-2.86699898261385,2.86874916657967,-2.98427723317728
2.86874916657967,-2.98427723317728,2.85460446691556,-3.10937585656724
2.85249765099536,-2.92936274997493,2.82370980384283,-3.02749057837872
2.82370980384283,-3.02749057837872,2.79516640358865,-3.14799465927495
2.79516640358865,-3.14799465927495,2.76952605910006,-3.29474886141329
2.76952605910006,-3.29474886141329,2.74854714263062,-3.46152195090036
2.86903410240139,-3.23442286639145,2.83867471555957,-3.36036714037731
2.83867471555957,-3.36036714037731,2.81005690297092,-3.48045402869126
2.7934581546893,-3.65548617112572,2.77598506567622,-3.77078222874289
2.77598506567622,-3.77078222874289,2.76845622416039,-3.86470773353876
