0.720598519617509
1.75137640802242
1.58260860272796
2.00866525621063
2.19390237212313
2.12173602732323
2.7817583629385
3.80665871715132
3.76297036814149
3.81318540006657
4.52047682369044
4.69981685380828
4.93294558351025
5.48599409275498
6.48546235181177
6.25525646522116
7.43085734816288
7.70788162883772
7.72944500717012
7.76350460077129
8.24693030222841
8.2624967371199
8.38453902113445
8.70665227229794
8.91592435185799
8.84260847953992
9.25666853969518
9.46001875439765
9.98956315961664
9.86128315249155
