0.407517065788076
1.46917762700189
1.19969171185522
1.3499003099934
1.81650357900714
1.73819769619636
2.21530262378565
3.09168936541432
3.24583836663598
3.09413729695796
3.42040749330635
3.70522669511903
4.20700997488602
4.22343899588034
3.93985352857429
4.8419465349674
5.04097460610803
4.3570949409151
5.81950424300382
4.86066001419514
4.10964713453992
5.01371981662914
3.54244295158582
4.79798910148555
4.22979468355954
6.1309518305348
5.39042654015515
5.97854236025923
6.18508658339918
7.25618114497019
