1.92631781184691
2.18452060263672
2.02690596191078
3.38268805842252
3.70398697610896
3.71390631644113
3.41091327905792
3.7526739899326
5.08855744838486
4.09966413514145
4.39214876060721
5.14180838643592
5.18087543806153
4.62202936123599
5.39994448277249
6.11532560693182
6.34301775238321
6.78078933704848
8.80563341700452
8.77959059045215
9.44275699106121
9.69034510288351
10.0438788235277
10.5101245764624
11.6434412728931
12.5840962592238
11.6387104520094
13.0612929546315
13.2084791384482
15.4760436965619
