1.59358685333128
1.67247611480717
1.68086371357594
2.25380133687847
2.16475869001416
2.8864253132114
3.57201187434397
3.22134186627604
2.90511932534916
2.62754677961534
3.41726639144718
3.70673582666648
3.253754291447
3.00762929601924
3.42581621391723
4.17738704548845
7.28916086195923
8.02705226897865
7.51329773333995
8.14960893982576
8.1085263875698
8.76626559342492
8.57550213795096
9.80255479465455
10.0266867869361
10.0556981596722
10.7606380938968
11.3843583677063
11.5793162419143
12.5218853503221
