0.78983991387453
1.23435626014365
1.35088762284876
2.22417791779847
3.09794433093754
3.2061368919297
7.34858513069665
7.22351508499675
7.38103985128926
7.61407472181594
8.08307679367712
7.87513475951334
8.00974244485414
8.02100463944167
8.63871106341951
9.55380807986467
9.00569357380969
9.37479172535121
9.33895005055737
10.0603452698768
10.1380215848394
9.79672395579035
10.3415731061272
10.4770319819845
10.6001272828866
10.8273252718177
10.87981177107
11.0660449806772
11.7651253703988
12.0181399443304
