2.11747381437771
3.54807692031996
3.73264015978931
3.42298810289833
3.71222259772048
3.75184963706046
3.58768222651864
4.31599373254912
4.35034869673565
4.694696383975
5.26172169673527
4.86995256937079
4.64182723789732
5.38061291654508
5.18833955859037
6.17933156213783
6.07743000025766
6.68499366833082
6.67654172356529
6.08263859882439
6.56343045463568
7.08697010322925
6.58357838959592
8.77901374151253
9.216458304114
8.90707783392345
9.85332795066605
10.6071769231796
15.2018149328284
15.9127821065501
