1.66542885571972
2.53100585594688
2.74146988926555
2.42412352759494
2.66008969448183
2.60344540414147
2.46004984783393
3.13078600164074
3.20153074349855
3.63775908848194
3.86125929205723
3.7709440911291
2.40091462682485
3.96492499937622
3.90708244758223
3.66228111434856
3.76824751349914
3.6030012069603
3.739269253473
4.49641474213371
4.56590052573224
4.32834547764022
4.85003199321786
6.34556047700364
6.40203391320979
6.35823776690956
6.68646696381838
7.61640796050629
10.3291463897098
10.8872052709932
