1.26196578838687
2.01856705306681
2.34915931097519
3.2956067121402
3.60237751231007
5.01877292807696
5.63854933689933
6.01369721960322
7.25021604846596
7.67499977703612
7.37529175827096
7.52825441738303
8.14205480283981
7.73641915106894
8.26825113383756
7.97749725863662
8.65808793610918
9.0490950694109
9.00866236135742
8.97151234583207
8.62397896174065
8.91209244535202
9.64976282467138
9.56887421650116
9.55896115770979
9.9193758509589
9.5159595855531
9.49591130123946
10.2602845218367
12.0066387539164
