0,1.93900997628618,1.64128335383809,1.49823151502378,2.39146636713207,1.19707700069287,3.74326265288204,2.29167620452195,2.58419202561245,5.45479877728439,6.1263390056865,5.56570562008326,4.89093342861352,6.19220572725911,6.76671913624304,6.99662190889574,8.04455646674453,5.48037471593878,6.36690839500033,7.66879587870342,8.69211150761972,6.90086658005039,9.58377107485873,9.73048842029469,7.39096829955814,10.0025530829805,9.75786446459573,6.92309377472377,8.74978257869938,10.2764090125519
1.93900997628618,0,0.896200996356409,1.07767711539001,0.792903688474775,3.10482667015502,5.24100801384308,4.04314965660585,4.36924365346579,6.19084550068254,6.86453818441226,6.48737652228948,5.94466628541369,5.60590452732695,6.28869615617243,6.5122700139053,8.56310465652891,4.96612706745353,5.69697453228839,8.23969019486857,9.19735820142283,6.02907674352508,9.57637058165199,9.79036182438018,6.48699779440314,10.2383457474481,10.1171913633978,5.98449363021636,7.96756401518482,9.99073819640675
1.64128335383809,0.896200996356409,0,0.220320721214423,1.68606195641843,2.63622200999502,5.31051443864277,3.9259042746451,4.22419738075792,6.64012619049842,7.31992673708443,6.86303260730808,6.25548903355117,6.43393949762769,7.10079336959226,7.32704359088026,9.11389587915334,5.77446519838786,6.54030121408266,8.76954849720921,9.75633463106758,6.9027446765743,10.2962595377542,10.4927845011723,7.36570188830735,10.8910937079016,10.7302048852214,6.86521069709632,8.83632916072985,10.779568732652
1.49823151502378,1.07767711539001,0.220320721214423,0,1.85660902852827,2.44408461873662,5.20703994016449,3.78981139906421,4.08091297049781,6.62508761831439,7.30499889254118,6.82773548230625,6.20526465060312,6.54926697386134,7.20751861185966,7.43480426569062,9.12356255645618,5.88129603142189,6.66361349076343,8.77341731719959,9.7677331398839,7.04530137022133,10.3613516348864,10.5512063880734,7.51211614032937,10.9316281118744,10.7576524301185,7.01368638345936,8.97413446330721,10.872649199725
2.39146636713207,0.792903688474775,1.68606195641843,1.85660902852827,0,3.58848001544525,5.21160554194143,4.21366045469086,4.55157030804952,5.79167962910953,6.45153791420504,6.15341237056488,5.67949187688852,4.85455759231916,5.54918867873134,5.76995732666575,8.04884874936691,4.23450133531464,4.93276549746114,7.74642796021641,8.67246927878565,5.24278145346013,8.90787695117449,9.13640402757772,5.69781311389302,9.62638321797809,9.54049618702643,5.19445795485534,7.18342305380478,9.26395654185403
1.19707700069287,3.10482667015502,2.63622200999502,2.44408461873662,3.58848001544525,0,3.40932815112299,1.79858274087969,1.97211026378755,5.65596093647596,6.29251263077569,5.62650415975676,4.88856525425436,7.06400288530968,7.57842183750774,7.80539444937587,8.29070324132768,6.34561783943648,7.26710882208887,7.89160094062652,8.93082294618478,7.86550564844959,10.1061656244268,10.213450759464,8.35925171236721,10.3803713386047,10.0659512884159,7.91108588573468,9.65226660422139,10.9333085943669
3.74326265288204,5.24100801384308,5.31051443864277,5.20703994016449,5.21160554194143,3.40932815112299,0,1.61140980026192,1.50614875710886,2.82265398191516,3.30714071604219,2.52113470800024,1.76872791752909,5.93477039621971,6.1514829261806,6.33942839535251,5.30995568373668,5.3151263334339,6.22031663567181,4.89108967157797,5.90995507938349,7.01484215543591,7.60205003168844,7.61251680056462,7.46975842065545,7.55295651563058,7.12172871075377,7.16276285847727,8.36399044230113,8.73751111886944
2.29167620452195,4.04314965660585,3.9259042746451,3.78981139906421,4.21366045469086,1.79858274087969,1.61140980026192,0,0.33974641374031,4.07040459254204,4.66146587315576,3.93939377758818,3.18190044370741,6.29758300613293,6.67896898524599,6.89256544250433,6.68366841117479,5.6026795301215,6.54868856645939,6.27276637874085,7.31038426484883,7.26394656113492,8.73187784881624,8.79452665259119,7.74958605189045,8.8567552738254,8.48653528817739,7.36348599381235,8.86445019377373,9.71374339160004
2.58419202561245,4.36924365346579,4.22419738075792,4.08091297049781,4.55157030804952,1.97211026378755,1.50614875710886,0.33974641374031,0,4.12850078574454,4.69197416635026,3.94364883547509,3.18107641245372,6.54552288219238,6.90363329219467,7.11389867925188,6.71472673500162,5.85796720721092,6.80241273595544,6.29995915845865,7.33281915391718,7.5305160614941,8.84098232556667,8.88976256342735,8.01344830013642,8.91567325106741,8.52403370231704,7.63641565656103,9.09946009902521,9.86175747510387
5.45479877728439,6.19084550068254,6.64012619049842,6.62508761831439,5.79167962910953,5.65596093647596,2.82265398191516,4.07040459254204,4.12850078574454,0,0.67994963621066,0.658972485228708,1.11336542060493,4.00093250385704,3.93460043806848,4.06674363897737,2.63488735510334,3.6138922155647,4.30319501452038,2.23706910036982,3.27528234323337,5.13244979443678,4.78003463495284,4.79234177631678,5.49902639371402,4.78862552881062,4.4224254548161,5.34127230312138,6.03184981492501,5.95640153706871
6.1263390056865,6.86453818441226,7.31992673708443,7.30499889254118,6.45153791420504,6.29251263077569,3.30714071604219,4.66146587315576,4.69197416635026,0.67994963621066,0,0.807290534876285,1.53845130054988,4.27464260315469,4.09443988543941,4.19416991723867,2.02342244038845,3.98321278865911,4.57051311239754,1.61130294913999,2.64966346143347,5.38446053145233,4.38158873508053,4.34936936363719,5.70954780867191,4.24589658262807,3.83215980051443,5.6082059042663,6.07538846682358,5.65979588809977
5.56570562008326,6.48737652228948,6.86303260730808,6.82773548230625,6.15341237056488,5.62650415975676,2.52113470800024,3.93939377758818,3.94364883547509,0.658972485228708,0.807290534876285,0,0.762748254853898,4.65885371495738,4.58932705773101,4.71755258792812,2.78888011450388,4.25937385244595,4.96128173660331,2.37020163983205,3.39398183722206,5.79090456710709,5.18525169633454,5.15657144970623,6.15787837281344,5.03830143863376,4.60086398635796,5.9988561427244,6.66944620979235,6.44148639291784
4.89093342861352,5.94466628541369,6.25548903355117,6.20526465060312,5.67949187688852,4.88856525425436,1.76872791752909,3.18190044370741,3.18107641245372,1.11336542060493,1.53845130054988,0.762748254853898,0,4.84793453027121,4.88960889284972,5.04406403180955,3.5466958179577,4.35539222889459,5.1498580687618,3.12895235311116,4.1558438552794,5.97981444429511,5.86949681809962,5.86247795625089,6.38399926075088,5.784229230854,5.35893431864128,6.16871641475902,7.04575172853063,7.06865171912052
6.19220572725911,5.60590452732695,6.43393949762769,6.54926697386134,4.85455759231916,7.06400288530968,5.93477039621971,6.29758300613293,6.54552288219238,4.00093250385704,4.27464260315469,4.65885371495738,4.84793453027121,0,0.730731673586185,0.931150696408663,4.6686321486165,0.718388757057331,0.303056653488602,4.58421311649919,5.11472558601,1.13473916777997,4.35058587620536,4.65424979343794,1.54573120466801,5.3770778053028,5.52731136183171,1.34083111845036,2.59348960560718,4.44008304521103
6.76671913624304,6.28869615617243,7.10079336959226,7.20751861185966,5.54918867873134,7.57842183750774,6.1514829261806,6.67896898524599,6.90363329219467,3.93460043806848,4.09443988543941,4.58932705773101,4.88960889284972,0.730731673586185,0,0.230132673462404,4.18648980426992,1.32642780578706,0.820501964879052,4.15612079165809,4.57677347987624,1.4078885034592,3.63282175892838,3.94501644446543,1.63535951634477,4.69851094370071,4.88865378399122,1.65748260624062,2.21461071671632,3.72276430113021
6.99662190889574,6.5122700139053,7.32704359088026,7.43480426569062,5.76995732666575,7.80539444937587,6.33942839535251,6.89256544250433,7.11389867925188,4.06674363897737,4.19416991723867,4.71755258792812,5.04406403180955,0.931150696408663,0.230132673462404,0,4.17666991444396,1.55353373457085,0.97055104634479,4.16942014996346,4.53932838539245,1.4386128584882,3.47524832988901,3.79727131521939,1.59712551826654,4.57719335812619,4.79481553550979,1.68981312964471,2.0253615767205,3.5097954927847
8.04455646674453,8.56310465652891,9.11389587915334,9.12356255645618,8.04884874936691,8.29070324132768,5.30995568373668,6.68366841117479,6.71472673500162,2.63488735510334,2.02342244038845,2.78888011450388,3.5466958179577,4.6686321486165,4.18648980426992,4.17666991444396,0,4.68942646928435,4.90910834948188,0.419571966078041,0.647618673431743,5.59422778423218,2.75766880931425,2.60468002424013,5.76662935729692,2.27876415818586,1.81225537120408,5.84396917490412,5.60360884508502,4.23243753603264
5.48037471593878,4.96612706745353,5.77446519838786,5.88129603142189,4.23450133531464,6.34561783943648,5.3151263334339,5.6026795301215,5.85796720721092,3.6138922155647,3.98321278865911,4.25937385244595,4.35539222889459,0.718388757057331,1.32642780578706,1.55353373457085,4.68942646928435,0,0.946359300590165,4.54233115711318,5.19906933990877,1.70099340059802,4.77649138156355,5.04888773780803,2.16748353840297,5.68773122372953,5.75904149659455,1.85092323419925,3.31045324080418,5.0294760745032
6.36690839500033,5.69697453228839,6.54030121408266,6.66361349076343,4.93276549746114,7.26710882208887,6.22031663567181,6.54868856645939,6.80241273595544,4.30319501452038,4.57051311239754,4.96128173660331,5.1498580687618,0.303056653488602,0.820501964879052,0.97055104634479,4.90910834948188,0.946359300590165,0,4.83978663861995,5.33649110996783,0.831704401976733,4.44373890116595,4.76130002009233,1.25153522455258,5.51865547608589,5.69941910734402,1.03998562136651,2.38708987220661,4.42974350902305
7.66879587870342,8.23969019486857,8.76954849720921,8.77341731719959,7.74642796021641,7.89160094062652,4.89108967157797,6.27276637874085,6.29995915845865,2.23706910036982,1.61130294913999,2.37020163983205,3.12895235311116,4.58421311649919,4.15612079165809,4.16942014996346,0.419571966078041,4.54233115711318,4.83978663861995,0,1.03993432101037,5.56034753339975,3.09850966499715,2.97327914642714,5.76647793618352,2.69401526251247,2.23067105433845,5.8073567959035,5.7141509110305,4.54105329489591
8.69211150761972,9.19735820142283,9.75633463106758,9.7677331398839,8.67246927878565,8.93082294618478,5.90995507938349,7.31038426484883,7.33281915391718,3.27528234323337,2.64966346143347,3.39398183722206,4.1558438552794,5.11472558601,4.57677347987624,4.53932838539245,0.647618673431743,5.19906933990877,5.33649110996783,1.03993432101037,0,5.97485204427428,2.54929050067238,2.31917687157076,6.10397615558895,1.79171739413244,1.23495954065838,6.22610140490291,5.78768525463387,4.06923294278264
6.90086658005039,6.02907674352508,6.9027446765743,7.04530137022133,5.24278145346013,7.86550564844959,7.01484215543591,7.26394656113492,7.5305160614941,5.13244979443678,5.38446053145233,5.79090456710709,5.97981444429511,1.13473916777997,1.4078885034592,1.4386128584882,5.59422778423218,1.70099340059802,0.831704401976733,5.56034753339975,5.97485204427428,0,4.77922122188639,5.12609423016452,0.494017171347434,5.95986043096866,6.21461895166436,0.251318270590402,1.94384519506502,4.4956964607923
9.58377107485873,9.57637058165199,10.2962595377542,10.3613516348864,8.90787695117449,10.1061656244268,7.60205003168844,8.73187784881624,8.84098232556667,4.78003463495284,4.38158873508053,5.18525169633454,5.86949681809962,4.35058587620536,3.63282175892838,3.47524832988901,2.75766880931425,4.77649138156355,4.44373890116595,3.09850966499715,2.54929050067238,4.77922122188639,0,0.381359027843558,4.70615790421168,1.35102526232652,1.88751873021012,5.01159880225133,3.85561351201294,1.52321554107785
9.73048842029469,9.79036182438018,10.4927845011723,10.5512063880734,9.13640402757772,10.213450759464,7.61251680056462,8.79452665259119,8.88976256342735,4.79234177631678,4.34936936363719,5.15657144970623,5.86247795625089,4.65424979343794,3.94501644446543,3.79727131521939,2.60468002424013,5.04888773780803,4.76130002009233,2.97327914642714,2.31917687157076,5.12609423016452,0.381359027843558,0,5.0670726307519,0.973989231205278,1.54022492792772,5.36129711223709,4.23664117776741,1.81447123115837
7.39096829955814,6.48699779440314,7.36570188830735,7.51211614032937,5.69781311389302,8.35925171236721,7.46975842065545,7.74958605189045,8.01344830013642,5.49902639371402,5.70954780867191,6.15787837281344,6.38399926075088,1.54573120466801,1.63535951634477,1.59712551826654,5.76662935729692,2.16748353840297,1.25153522455258,5.76647793618352,6.10397615558895,0.494017171347434,4.70615790421168,5.0670726307519,0,5.94248726548191,6.2468198128225,0.50761949813627,1.5243377716347,4.26996437823959
10.0025530829805,10.2383457474481,10.8910937079016,10.9316281118744,9.62638321797809,10.3803713386047,7.55295651563058,8.8567552738254,8.91567325106741,4.78862552881062,4.24589658262807,5.03830143863376,5.784229230854,5.3770778053028,4.69851094370071,4.57719335812619,2.27876415818586,5.68773122372953,5.51865547608589,2.69401526251247,1.79171739413244,5.95986043096866,1.35102526232652,0.973989231205278,5.94248726548191,0,0.672123828986184,6.20194781709186,5.19194235116078,2.72374475083476
9.75786446459573,10.1171913633978,10.7302048852214,10.7576524301185,9.54049618702643,10.0659512884159,7.12172871075377,8.48653528817739,8.52403370231704,4.4224254548161,3.83215980051443,4.60086398635796,5.35893431864128,5.52731136183171,4.88865378399122,4.79481553550979,1.81225537120408,5.75904149659455,5.69941910734402,2.23067105433845,1.23495954065838,6.21461895166436,1.88751873021012,1.54022492792772,6.2468198128225,0.672123828986184,0,6.4622370371917,5.62889200554965,3.34451158892298
6.92309377472377,5.98449363021636,6.86521069709632,7.01368638345936,5.19445795485534,7.91108588573468,7.16276285847727,7.36348599381235,7.63641565656103,5.34127230312138,5.6082059042663,5.9988561427244,6.16871641475902,1.34083111845036,1.65748260624062,1.68981312964471,5.84396917490412,1.85092323419925,1.03998562136651,5.8073567959035,6.22610140490291,0.251318270590402,5.01159880225133,5.36129711223709,0.50761949813627,6.20194781709186,6.4622370371917,0,2.02872601132484,4.68678725456655
8.74978257869938,7.96756401518482,8.83632916072985,8.97413446330721,7.18342305380478,9.65226660422139,8.36399044230113,8.86445019377373,9.09946009902521,6.03184981492501,6.07538846682358,6.66944620979235,7.04575172853063,2.59348960560718,2.21461071671632,2.0253615767205,5.60360884508502,3.31045324080418,2.38708987220661,5.7141509110305,5.78768525463387,1.94384519506502,3.85561351201294,4.23664117776741,1.5243377716347,5.19194235116078,5.62889200554965,2.02872601132484,0,3.03257763236035
10.2764090125519,9.99073819640675,10.779568732652,10.872649199725,9.26395654185403,10.9333085943669,8.73751111886944,9.71374339160004,9.86175747510387,5.95640153706871,5.65979588809977,6.44148639291784,7.06865171912052,4.44008304521103,3.72276430113021,3.5097954927847,4.23243753603264,5.0294760745032,4.42974350902305,4.54105329489591,4.06923294278264,4.4956964607923,1.52321554107785,1.81447123115837,4.26996437823959,2.72374475083476,3.34451158892298,4.68678725456655,3.03257763236035,0
