1.50864243843772
1.59777153484752
1.83433620807517
1.82284565141848
2.04620960431725
2.54322075068171
10.0293183413817
10.8595950577689
11.1546231917261
10.5959474920831
11.3228708770251
11.7342883076452
11.6878441900609
14.7767807114524
14.8554089644678
15.1230751701404
15.1330361549253
15.3233932059405
15.2105427854064
15.2529866552507
15.5611604584602
16.1353527482746
16.4391229626656
16.612247732804
16.6686261990611
16.8933825883542
17.0026543383014
17.1393234278824
17.4164944423996
18.2916703249636
