1.02136084202643
2.24847139079705
2.34749706551162
2.81940432413548
2.74087746351687
3.05021964844101
3.14170643305209
5.08382198818624
4.51463588291621
4.60491787096057
3.98880031685744
5.84234609727492
4.74828840934175
5.45633756264615
6.02675639843857
6.26465125039991
5.1862959296344
4.37665016608535
3.83835991655637
5.60829016012099
4.59030622812716
4.17786644480604
4.46848172109019
5.89188184436884
5.84343155308175
6.05958674218744
5.30328172139605
6.14374633402383
6.12343717775505
6.64802232215059
