1.71810403112388
3.09349375978936
3.07776610645286
3.72858492803133
3.44824577826601
3.9105039701817
4.67562613335602
6.84155884853178
7.79842563741559
8.13542175592474
6.75835654587983
8.48538662509887
8.41158829703482
7.68331801452482
8.44265957508581
8.55461304640561
8.66817245179615
8.63983847283133
7.24246673984736
7.99577487481201
7.50638318739422
9.58089333970951
9.51471305689702
8.26170034752874
8.26123180052871
9.96342695406906
10.5033572485705
9.28398145633499
10.6494143724968
11.1552298555755
