-0.144163269143731,0.107903646074948,-0.144163269143731,0.107903646074948
-1.97657044137376,-3.77978608807936,-2.00573060631885,-3.71855144933239
-1.5772726842554,-3.74404821642189,-1.57612945922279,-3.84129727506706
-1.57612945922279,-3.84129727506706,-1.58893740164636,-3.9760566852736
3.79190722341631,0.358692009282205,3.86902136319113,0.330051453476333
0.511634204613413,0.700789260586939,0.577562482981654,0.830599922766607
3.86902136319113,0.330051453476333,3.83781003722082,0.341177209005289
4.85608920343951,-1.97278408983235,4.89489596627526,-1.98482223647199
-0.144163269143731,0.107903646074948,-0.130044372400647,-0.00590382837455305
-0.130044372400647,-0.00590382837455305,-0.00731042010324713,-0.0253050039769163
-0.00731042010324713,-0.0253050039769163,0.0713491256938988,-0.124746863117313
0.0713491256938988,-0.124746863117313,0.12949460481656,-0.0757332836633344
0.12949460481656,-0.0757332836633344,0.185462667076616,-0.10545965336805
0.185462667076616,-0.10545965336805,0.239411559310326,-0.0939762240290175
0.272351574261942,-0.239414669410526,0.250055698815362,-0.270218659096456
0.250055698815362,-0.270218659096456,0.259154231747698,-0.334419102193036
0.364198515510681,-0.333209048612355,0.31214362236034,-0.314975736654841
0.472114888742704,-0.498603767534084,0.480753062035752,-0.491373851632659
0.480753062035752,-0.491373851632659,0.56418430047727,-0.584259623995176
0.698398874993937,-0.725856465705455,0.785197283808301,-0.831697230789316
1.23660765920865,-1.36965986973473,1.25595538899247,-1.4596440452264
1.25595538899247,-1.4596440452264,1.242020425541,-1.40866024173793
1.28828613271229,-1.56569504800949,1.32909844365083,-1.62475609492739
-0.0810812170207487,-3.74898334757467,-0.221730433191219,-3.7496889304945
-0.221730433191219,-3.7496889304945,-0.263191750453188,-3.75726963947955
-0.507094700933079,-3.70386488124442,-0.583611030378454,-3.69396636167979
-0.583611030378454,-3.69396636167979,-0.61439966436222,-3.71412197919258
-0.61439966436222,-3.71412197919258,-0.767346053253701,-3.66834408838655
-0.767346053253701,-3.66834408838655,-0.870094022825814,-3.61067909708208
-0.870094022825814,-3.61067909708208,-0.907703909263584,-3.63157363846115
-0.907703909263584,-3.63157363846115,-0.900619337605692,-3.61826232504552
-0.900619337605692,-3.61826232504552,-1.03417182571085,-3.59131092741453
-1.03417182571085,-3.59131092741453,-1.10073574606459,-3.59092967564398
-1.10073574606459,-3.59092967564398,-1.1526184337348,-3.57132099884419
-1.1526184337348,-3.57132099884419,-1.21072519301743,-3.61147723964965
-1.21072519301743,-3.61147723964965,-1.18490824884176,-3.55719063030367
-1.18490824884176,-3.55719063030367,-1.29417863448846,-3.6299531912246
-1.29417863448846,-3.6299531912246,-1.3026121244096,-3.66862720876995
-1.3026121244096,-3.66862720876995,-1.41574059287984,-3.74783748225921
-1.41574059287984,-3.74783748225921,-1.44227703922184,-3.71222071808351
-1.44227703922184,-3.71222071808351,-1.5772726842554,-3.74404821642189
-1.5772726842554,-3.74404821642189,-1.66384036650082,-3.70398164346477
-1.66384036650082,-3.70398164346477,-1.77869655710792,-3.81011585687246
-1.96638339079112,-3.72471372578479,-1.92373922482608,-3.76737252795953
-1.92373922482608,-3.76737252795953,-1.97657044137376,-3.77978608807936
1.23660765920865,-1.36965986973473,1.15512006858044,-1.32825798575637
1.15512006858044,-1.32825798575637,1.22590356355962,-1.38691106896829
1.22590356355962,-1.38691106896829,1.2289431818514,-1.40817809678115
1.2289431818514,-1.40817809678115,1.26236127032193,-1.46631993719944
1.26236127032193,-1.46631993719944,1.26658597531122,-1.45349201006043
1.26658597531122,-1.45349201006043,1.25869450264269,-1.48086938737524
1.25869450264269,-1.48086938737524,1.32486264092335,-1.51616729793499
1.32486264092335,-1.51616729793499,1.3170371401703,-1.49509029674142
1.3170371401703,-1.49509029674142,1.26999190918186,-1.46481722845472
1.26999190918186,-1.46481722845472,1.35721512253557,-1.50360137570386
1.35721512253557,-1.50360137570386,1.33909959956039,-1.5069499468758
1.33909959956039,-1.5069499468758,1.33706401622941,-1.52774133911218
1.33706401622941,-1.52774133911218,1.37144189861591,-1.55780194888316
1.37144189861591,-1.55780194888316,1.38093462560083,-1.5237006477825
1.38093462560083,-1.5237006477825,1.40990123062334,-1.58147121264534
1.40990123062334,-1.58147121264534,1.40780750299259,-1.57983713315375
1.40780750299259,-1.57983713315375,1.45020262800258,-1.57223085432075
0.250363999686442,-3.71470360925059,0.178121813315184,-3.77031290808206
0.178121813315184,-3.77031290808206,0.228487863461376,-3.7583002241118
0.228487863461376,-3.7583002241118,0.234609778570497,-3.80788334023721
0.234609778570497,-3.80788334023721,0.205755882563003,-3.81454972302619
0.205755882563003,-3.81454972302619,0.242546752815029,-3.86361667461974
0.242546752815029,-3.86361667461974,0.241146720269552,-3.89656267735935
-0.144163269143731,0.107903646074948,-0.274732971653015,0.0679303624890416
-0.274732971653015,0.0679303624890416,-0.290600976903715,0.0778339019729851
-0.290600976903715,0.0778339019729851,-0.25238504716376,0.131934267692944
-0.484392597288753,0.123678070193075,-0.54463597601359,0.249333082586697
-0.54463597601359,0.249333082586697,-0.594803856676966,0.19065425520878
-0.594803856676966,0.19065425520878,-0.70655345759526,0.312450832079956
4.48039364137712,-2.95082802244418,4.51180732440088,-2.85923661881431
4.48695765061695,-2.95245291267086,4.47142000776444,-3.04206861250326
4.47142000776444,-3.04206861250326,4.4867145204286,-3.09089476856482
4.4867145204286,-3.09089476856482,4.4470489617682,-3.13238893492253
4.4470489617682,-3.13238893492253,4.47637077064006,-3.15037780760288
-0.70655345759526,0.312450832079956,-0.689573071415307,0.423295289249529
-0.689573071415307,0.423295289249529,-0.73306160294259,0.52192423883342
-0.73306160294259,0.52192423883342,-0.79976876195343,0.639905022719244
-0.79976876195343,0.639905022719244,-0.825372081843947,0.701745080548364
-0.825372081843947,0.701745080548364,-0.828788341284217,0.701337914327331
-0.90870418530443,0.941775392901145,-0.803568809697655,1.0461405923147
-0.803568809697655,1.0461405923147,-0.847954497720508,1.05392118339419
-0.847954497720508,1.05392118339419,-0.893814208159079,1.1820902294198
-0.893814208159079,1.1820902294198,-1.01902362784136,1.2599627971912
-1.01902362784136,1.2599627971912,-1.05997771248153,1.43019069368971
-1.05997771248153,1.43019069368971,-1.01757857990514,1.45753071374843
-1.01757857990514,1.45753071374843,-1.05643191232736,1.61265456023662
-1.05643191232736,1.61265456023662,-1.13468100251585,1.66307172802466
-1.11951459279384,1.88541659390715,-1.1571591641705,1.92451044187179
1.3170371401703,-1.49509029674142,1.27523998075549,-1.49063159235929
1.27523998075549,-1.49063159235929,1.30543918510978,-1.45077258108584
1.30543918510978,-1.45077258108584,1.33184485341455,-1.47664703891063
1.33184485341455,-1.47664703891063,1.2980352450974,-1.43938505767877
1.2980352450974,-1.43938505767877,1.34885255085204,-1.4709278267375
1.34885255085204,-1.4709278267375,1.32883489478004,-1.47650320631678
1.32883489478004,-1.47650320631678,1.36988960647474,-1.49618724842872
3.5324326200935,-0.0724552661732066,3.50517757581277,-0.0715751066042526
3.73471018351303,0.0951963610047462,3.7284672460033,0.178045004515303
3.7284672460033,0.178045004515303,3.77207947477328,0.206855650942398
3.77207947477328,0.206855650942398,3.79609269582984,0.241048330670612
3.79609269582984,0.241048330670612,3.77918518364138,0.261720960661176
3.77918518364138,0.261720960661176,3.81700937371758,0.216961528610143
3.81700937371758,0.216961528610143,3.79236008833125,0.310655959052293
3.79236008833125,0.310655959052293,3.83294840326486,0.285155940151887
3.83294840326486,0.285155940151887,3.79190722341631,0.358692009282205
-2.00573060631885,-3.71855144933239,-2.13528193792799,-3.66533088030139
-2.13528193792799,-3.66533088030139,-2.22081930667816,-3.64619008807386
-2.22081930667816,-3.64619008807386,-2.26243028899187,-3.53963009235191
-2.26243028899187,-3.53963009235191,-2.42407326586964,-3.48301255402756
-2.42407326586964,-3.48301255402756,-2.5117810577512,-3.38256141246842
-2.5117810577512,-3.38256141246842,-2.5398354210151,-3.27424023549524
4.47637077064006,-3.15037780760288,4.43838440788067,-3.21379138855642
4.43838440788067,-3.21379138855642,4.44307598313858,-3.25614952902405
4.44307598313858,-3.25614952902405,4.41232436439294,-3.38496053663138
4.41232436439294,-3.38496053663138,4.37414104607332,-3.4695060780542
4.37414104607332,-3.4695060780542,4.34731753046976,-3.50857584764396
4.34731753046976,-3.50857584764396,4.38503326152203,-3.56733246955622
0.241146720269552,-3.89656267735935,0.198086542949076,-3.96953801790446
0.198086542949076,-3.96953801790446,0.198120421026564,-3.94063282889486
0.198120421026564,-3.94063282889486,0.285313208236117,-4.00263457322746
0.285313208236117,-4.00263457322746,0.165834152441936,-4.02718049894275
0.165834152441936,-4.02718049894275,0.201935162560242,-4.11973929451108
0.201935162560242,-4.11973929451108,0.178193764987402,-4.17049244797961
0.178193764987402,-4.17049244797961,0.264772979684803,-4.22743084167032
0.264772979684803,-4.22743084167032,0.218159433186639,-4.19826927869502
0.218159433186639,-4.19826927869502,0.244704288046072,-4.37125788722072
0.244704288046072,-4.37125788722072,0.243068966779649,-4.36051211953474
0.243068966779649,-4.36051211953474,0.28470074691048,-4.48613006668887
0.28470074691048,-4.48613006668887,0.35639446398907,-4.63210216589988
0.35639446398907,-4.63210216589988,0.30634217529142,-4.62790718177509
0.30634217529142,-4.62790718177509,0.296404697630386,-4.69304631382481
0.296404697630386,-4.69304631382481,0.295442629129411,-4.86607808694681
0.295442629129411,-4.86607808694681,0.274463898448453,-4.86819170459168
0.274463898448453,-4.86819170459168,0.309923064807877,-5.03154324610206
0.309923064807877,-5.03154324610206,0.331400508487774,-5.024699962603
0.331400508487774,-5.024699962603,0.367932811921691,-5.22128531448743
0.367932811921691,-5.22128531448743,0.318296121495795,-5.3015216748613
0.27599035778922,-5.3885760749412,0.211663790630152,-5.44294937773195
0.241146720269552,-3.89656267735935,0.264095502023509,-3.91891395421654
0.264095502023509,-3.91891395421654,0.244184488816201,-4.00132518756492
0.244184488816201,-4.00132518756492,0.281650072842731,-3.98551437309076
0.281650072842731,-3.98551437309076,0.342678075148519,-4.0662098394948
0.342678075148519,-4.0662098394948,0.344934932735367,-4.11660281406167
0.344934932735367,-4.11660281406167,0.376295935928444,-4.23713408018611
-1.97657044137376,-3.77978608807936,-2.03753268312099,-3.85803323136277
-2.03753268312099,-3.85803323136277,-2.15068068219309,-3.82148649964848
-2.22836300049228,-4.06122056331425,-2.226025830713,-4.10414917896059
-2.226025830713,-4.10414917896059,-2.22479188924248,-4.25785791929231
-2.22479188924248,-4.25785791929231,-2.35619349952642,-4.34028542860334
-2.00573060631885,-3.71855144933239,-2.12103393068432,-3.77184402361945
-2.12103393068432,-3.77184402361945,-2.29418859808834,-3.67281224197872
-2.35736254759022,-3.86316321164755,-2.53845322526526,-3.8784390421279
-2.53845322526526,-3.8784390421279,-2.62137864954706,-3.79717707227309
-2.62137864954706,-3.79717707227309,-2.67741744535208,-3.89741628109759
-0.70655345759526,0.312450832079956,-0.814905306102658,0.280811054434669
-0.814905306102658,0.280811054434669,-0.82025520157306,0.320024599722475
-0.982091094013231,0.375000418786049,-1.03026096262276,0.431336590889448
-1.23855775671642,0.433546390992599,-1.36267780795388,0.376189492623256
-1.36267780795388,0.376189492623256,-1.37789182695264,0.346009475479223
-1.37789182695264,0.346009475479223,-1.49513009397079,0.39929826493847
-1.49513009397079,0.39929826493847,-1.53097203266736,0.404098783890227
-1.86949856420037,0.48410137633291,-1.8592372955843,0.488818581390577
-1.8592372955843,0.488818581390577,-1.93692320988066,0.479394816200868
-2.1821608840596,0.549292077405934,-2.17116432707915,0.542787710695335
-2.17116432707915,0.542787710695335,-2.33092090042251,0.575857014566809
-1.57612945922279,-3.84129727506706,-1.5264816729981,-3.99901279737455
-1.5264816729981,-3.99901279737455,-1.4857459546263,-4.02479488003311
-1.4857459546263,-4.02479488003311,-1.42912225887568,-4.18532068740163
-1.1571591641705,1.92451044187179,-1.16322409029498,1.92885433211948
0.239411559310326,-0.0939762240290175,0.266341410960614,-0.136016205487588
0.266341410960614,-0.136016205487588,0.229044570597082,0.0381449645564694
0.229044570597082,0.0381449645564694,0.24949663999884,0.100904373885936
0.24949663999884,0.100904373885936,0.274882926713927,0.238095982625485
0.274882926713927,0.238095982625485,0.365539781464151,0.323635228658192
0.365539781464151,0.323635228658192,0.373111181983538,0.333676921992064
0.373111181983538,0.333676921992064,0.371044728715237,0.534552382742714
0.371044728715237,0.534552382742714,0.488577053652641,0.594812809400024
0.488577053652641,0.594812809400024,0.511634204613413,0.700789260586939
0.511634204613413,0.700789260586939,0.559815126463843,0.769117084219602
0.559815126463843,0.769117084219602,0.648895879598637,0.908073467961058
0.648895879598637,0.908073467961058,0.766002462122649,0.99909993739732
0.766002462122649,0.99909993739732,0.854946267952238,1.06985419424123
0.854946267952238,1.06985419424123,0.85024177573482,1.00517419512939
0.955820903757577,1.16821402399335,1.07410260854828,1.20886284949373
1.07410260854828,1.20886284949373,1.19156783820386,1.299914670389
1.19156783820386,1.299914670389,1.24885828147679,1.30916643484845
1.42704150480875,1.39466597680505,1.54191507278104,1.48239969657947
1.54191507278104,1.48239969657947,1.59739105676398,1.53008933196303
3.79190722341631,0.358692009282205,3.76004913201881,0.413919476745131
3.76004913201881,0.413919476745131,3.8054180101668,0.443293696471436
3.8054180101668,0.443293696471436,3.7464549153204,0.516703986790688
3.7464549153204,0.516703986790688,3.73219755537742,0.627392703904348
3.73219755537742,0.627392703904348,3.72632561896743,0.649926901571401
3.72632561896743,0.649926901571401,3.66236226219946,0.719985628932012
3.66236226219946,0.719985628932012,3.65046573944204,0.815646935073701
3.65046573944204,0.815646935073701,3.61820904659454,0.86787825538299
3.86902136319113,0.330051453476333,3.84947224169744,0.359021055726168
3.84947224169744,0.359021055726168,3.85120692795251,0.342674633072043
3.85120692795251,0.342674633072043,3.8945890646137,0.354001071719253
3.8945890646137,0.354001071719253,3.91556030950591,0.402635511167768
3.91556030950591,0.402635511167768,4.00184746049691,0.361690937014206
4.00184746049691,0.361690937014206,4.01358149402494,0.37008818762995
4.01358149402494,0.37008818762995,4.04381866382016,0.400028353443403
4.04381866382016,0.400028353443403,4.12791353027252,0.452172827335372
4.12791353027252,0.452172827335372,4.1539843868068,0.425395521053647
4.1539843868068,0.425395521053647,4.21163477707042,0.485373453858918
4.21163477707042,0.485373453858918,4.23217305523348,0.546342417131498
4.23217305523348,0.546342417131498,4.31427132438725,0.546893289188134
4.31427132438725,0.546893289188134,4.34291838676296,0.564083860127246
4.34291838676296,0.564083860127246,4.42282946176873,0.569951980966148
4.85608920343951,-1.97278408983235,4.91079819625907,-2.05521125487476
4.91079819625907,-2.05521125487476,4.88102249777588,-2.0897968713502
4.88102249777588,-2.0897968713502,4.88088720778437,-2.04006072721969
4.88088720778437,-2.04006072721969,4.913911747987,-2.05525852700765
4.913911747987,-2.05525852700765,4.94321142563868,-2.1111954879284
4.94321142563868,-2.1111954879284,4.99141433769084,-2.14570704885202
4.47637077064006,-3.15037780760288,4.47862908264204,-3.19847354533325
4.47862908264204,-3.19847354533325,4.44615799842884,-3.20238083220664
4.44615799842884,-3.20238083220664,4.52929293468976,-3.12808883240207
4.52929293468976,-3.12808883240207,4.56803463314906,-3.07307590998841
4.56803463314906,-3.07307590998841,4.60108092673214,-3.09389866814172
4.60108092673214,-3.09389866814172,4.6415672563429,-3.01451975645034
4.6415672563429,-3.01451975645034,4.6571567809947,-3.01606239182069
4.6571567809947,-3.01606239182069,4.79978745981746,-2.95373813380565
4.79978745981746,-2.95373813380565,4.82377341027619,-2.96866871043245
4.38503326152203,-3.56733246955622,4.30830955834977,-3.60874199655126
4.30830955834977,-3.60874199655126,4.26975269877017,-3.69611917119793
4.21673096446403,-3.86344550398516,4.13170918923181,-3.92028035322868
4.13170918923181,-3.92028035322868,4.28474666879039,-3.91646001116863
4.28474666879039,-3.91646001116863,4.18853110076109,-3.98995753189108
4.18853110076109,-3.98995753189108,4.16069201795667,-4.15971488352937
4.16069201795667,-4.15971488352937,4.16616897308071,-4.24511332915157
4.16616897308071,-4.24511332915157,4.13353642438665,-4.33495020893664
4.13353642438665,-4.33495020893664,4.07635448339289,-4.35671827715153
4.38503326152203,-3.56733246955622,4.39201848780349,-3.54970532492355
4.39201848780349,-3.54970532492355,4.39352325114925,-3.60979287238588
4.39352325114925,-3.60979287238588,4.44040153884988,-3.59291210039361
0.347064693448352,-5.60687370060114,0.451542599793329,-5.66070859010389
0.451542599793329,-5.66070859010389,0.554559464298516,-5.75353087028358
0.554559464298516,-5.75353087028358,0.606833297580577,-5.88388179481194
0.606833297580577,-5.88388179481194,0.752728307455049,-5.85174216436936
0.211663790630152,-5.44294937773195,0.194431118284696,-5.6324808893529
0.194431118284696,-5.6324808893529,0.2577683328173,-5.63692069689056
0.2577683328173,-5.63692069689056,0.13666754837862,-5.74022894996449
0.13666754837862,-5.74022894996449,0.163240462154982,-5.91055690692564
0.163240462154982,-5.91055690692564,0.130095358880126,-5.91136931633059
0.130095358880126,-5.91136931633059,0.0708937708510886,-6.06961606091957
0.0708937708510886,-6.06961606091957,0.0697594677263538,-6.15309406609418
0.376295935928444,-4.23713408018611,0.396454099830026,-4.23059874507751
0.499796247817203,-4.41898268984047,0.573142886727662,-4.46942780543447
0.573142886727662,-4.46942780543447,0.611669998310814,-4.60052020098896
0.611669998310814,-4.60052020098896,0.644568999280606,-4.65140594300929
0.806200990261524,-4.7999498815397,0.857019918026196,-4.87635941212073
0.376295935928444,-4.23713408018611,0.466933837887053,-4.26433463780566
0.466933837887053,-4.26433463780566,0.504291327839365,-4.42108964625635
0.504291327839365,-4.42108964625635,0.56434610481392,-4.43935786175478
0.56434610481392,-4.43935786175478,0.5983775157888,-4.55456651226829
0.5983775157888,-4.55456651226829,0.751901567546055,-4.62105848854859
0.898891849723768,-4.78992549737909,1.04515457661949,-4.90438963037293
1.37624899331193,-5.06645811254888,1.40046896820412,-5.12038339757243
1.75085911320647,-5.23496925527695,1.69377708539556,-5.1224884295249
1.69377708539556,-5.1224884295249,1.79412708623667,-5.23106654757653
1.79412708623667,-5.23106654757653,1.95563008070888,-5.25797309228922
-1.42912225887568,-4.18532068740163,-1.34331658178819,-4.29881303747153
-1.34331658178819,-4.29881303747153,-1.21224519033241,-4.37143443090941
-1.42912225887568,-4.18532068740163,-1.3704221081373,-4.20234431645724
-1.42218113670693,-4.40791316438578,-1.40530482566295,-4.4958107625784
-1.40530482566295,-4.4958107625784,-1.44756366399586,-4.54416824565803
-1.44756366399586,-4.54416824565803,-1.44548274901247,-4.66751221147813
-1.44548274901247,-4.66751221147813,-1.449471596675,-4.78155976049965
-1.449471596675,-4.78155976049965,-1.41868416606872,-4.9193482824685
-1.58893740164636,-3.9760566852736,-1.59303132254611,-4.17218956262697
-1.59303132254611,-4.17218956262697,-1.59756007066206,-4.16638868045713
-1.58893740164636,-3.9760566852736,-1.68655536855251,-4.01658194053752
-1.41720815574377,-4.17616655208171,-1.56719794756778,-4.21231621218951
-2.35619349952642,-4.34028542860334,-2.34188672294311,-4.40563456451838
-2.34188672294311,-4.40563456451838,-2.39633912691292,-4.54328468924993
-2.39633912691292,-4.54328468924993,-2.35876569892448,-4.61975889962634
-2.35876569892448,-4.61975889962634,-2.26123602797343,-4.73577277777225
-2.26123602797343,-4.73577277777225,-2.22577193631025,-4.85976724042291
-2.22577193631025,-4.85976724042291,-2.27864080967954,-4.83305794984928
-2.31754731904875,-5.1073457934205,-2.23736959480875,-5.16987794788904
-2.23736959480875,-5.16987794788904,-2.28867130528193,-5.25928205526588
-2.28867130528193,-5.25928205526588,-2.3037450078749,-5.30841009239163
-2.3037450078749,-5.30841009239163,-2.33573483605124,-5.43360270089578
-2.33573483605124,-5.43360270089578,-2.15379597634964,-5.51464309009469
-2.15379597634964,-5.51464309009469,-2.27806130822816,-5.59901472343627
-2.27806130822816,-5.59901472343627,-2.17487082479292,-5.6440663920908
-2.18023410257904,-5.84269845869326,-2.18547181665984,-5.89269496720002
-2.18547181665984,-5.89269496720002,-2.14930978680157,-6.06741887636563
-2.14930978680157,-6.06741887636563,-2.15254572291076,-6.15239898671969
-2.15254572291076,-6.15239898671969,-2.09767746923032,-6.24662096760565
-2.35619349952642,-4.34028542860334,-2.39481005981749,-4.43636741192747
-2.39481005981749,-4.43636741192747,-2.46511794532507,-4.45921586624841
-2.46511794532507,-4.45921586624841,-2.49416420636725,-4.56567677385164
-2.49416420636725,-4.56567677385164,-2.62755476751266,-4.67979957363944
-2.62755476751266,-4.67979957363944,-2.69478881161793,-4.71396193559774
-2.69478881161793,-4.71396193559774,-2.8081520442165,-4.82527670642551
-2.8081520442165,-4.82527670642551,-2.78087302691562,-4.84801242441848
-2.78087302691562,-4.84801242441848,-2.85764940419773,-4.93048781685718
-2.85764940419773,-4.93048781685718,-2.93465590005218,-5.03530971626854
-2.93465590005218,-5.03530971626854,-3.01769981347452,-5.13775550282929
-3.01769981347452,-5.13775550282929,-3.08757473162583,-5.18878592842559
-2.67741744535208,-3.89741628109759,-2.77542249898959,-3.90703003236502
-2.77542249898959,-3.90703003236502,-2.86468294641706,-3.96485264142043
-2.86468294641706,-3.96485264142043,-2.89169450631007,-4.05752552686843
-2.89169450631007,-4.05752552686843,-3.04149416576343,-4.0368262652732
-3.04149416576343,-4.0368262652732,-3.12084807291597,-4.12193652499541
-3.12084807291597,-4.12193652499541,-3.24586491780665,-4.20628832957649
-3.24586491780665,-4.20628832957649,-3.31633615001291,-4.23188381547398
-3.31633615001291,-4.23188381547398,-3.35758747509914,-4.33519730109967
-3.35758747509914,-4.33519730109967,-3.51218432293732,-4.41629155792928
-3.51218432293732,-4.41629155792928,-3.58739731415605,-4.36711337236615
-3.58739731415605,-4.36711337236615,-3.63202941215483,-4.4387752413278
-3.63202941215483,-4.4387752413278,-3.7546203793825,-4.53299907230196
-3.7546203793825,-4.53299907230196,-3.81841683728875,-4.54333651491461
-3.81841683728875,-4.54333651491461,-3.92382116887967,-4.58534219542074
-3.92382116887967,-4.58534219542074,-4.01968464193426,-4.63306850728733
-2.67741744535208,-3.89741628109759,-2.75089687308742,-3.94973249524844
-2.75089687308742,-3.94973249524844,-2.87084527961592,-3.8820935267975
-2.87084527961592,-3.8820935267975,-3.03094356786271,-3.82561965282897
-3.03094356786271,-3.82561965282897,-3.10536345326401,-3.78684055471737
-3.10536345326401,-3.78684055471737,-3.21872283980406,-3.82202153907098
-3.21872283980406,-3.82202153907098,-3.33351195326519,-3.70422887758087
-3.33351195326519,-3.70422887758087,-3.39058426594725,-3.75092784636754
-3.39058426594725,-3.75092784636754,-3.53538975663965,-3.74909620662487
-3.53538975663965,-3.74909620662487,-3.65060966749065,-3.66190325679991
-3.65060966749065,-3.66190325679991,-3.69942473338923,-3.61279384078206
-3.69942473338923,-3.61279384078206,-3.8331447385215,-3.70263014040508
-3.8331447385215,-3.70263014040508,-3.91722364697804,-3.59998972538355
-3.91722364697804,-3.59998972538355,-3.96590929796316,-3.5689230166461
-2.5398354210151,-3.27424023549524,-2.70086747259481,-3.22632726018181
-2.70086747259481,-3.22632726018181,-2.79698831850664,-3.1467741851243
-2.79698831850664,-3.1467741851243,-2.76963415183748,-3.10928552895269
-2.76963415183748,-3.10928552895269,-2.85126824708428,-3.02239425959151
-2.85126824708428,-3.02239425959151,-2.96311920225022,-2.94288193052118
-2.96311920225022,-2.94288193052118,-3.0129993892652,-2.88879994399567
-3.0129993892652,-2.88879994399567,-3.129588297459,-2.81473307971651
-2.5398354210151,-3.27424023549524,-2.64662544134409,-3.23071050617087
-2.9733587925559,-3.34221564341826,-3.02285779462806,-3.23943923775192
-3.02285779462806,-3.23943923775192,-3.08727916308232,-3.25444638427037
-2.33092090042251,0.575857014566809,-2.40761834342272,0.578113179352512
-2.40761834342272,0.578113179352512,-2.50655992857362,0.630388003904935
-2.65756867628224,0.436079054805222,-2.71336692052793,0.572441489566812
-2.71336692052793,0.572441489566812,-2.82826435140616,0.534817931102043
-2.82826435140616,0.534817931102043,-2.97946909519463,0.421457807298504
-2.97946909519463,0.421457807298504,-3.04819106811886,0.552153206953166
-3.04819106811886,0.552153206953166,-3.16752279741344,0.511805944355611
-2.33092090042251,0.575857014566809,-2.3639299043173,0.724021988284366
-2.3639299043173,0.724021988284366,-2.44136925436008,0.766480170188784
-2.44136925436008,0.766480170188784,-2.53723870020998,0.855344824230698
-2.53723870020998,0.855344824230698,-2.59505406660025,0.991703483352919
-2.59505406660025,0.991703483352919,-2.65896261413018,1.07973039582268
-2.65896261413018,1.07973039582268,-2.72307117689332,1.03615106641141
-1.1571591641705,1.92451044187179,-1.1984006512322,1.98667875001942
-1.1984006512322,1.98667875001942,-1.34023768095813,2.03596108395257
-1.34023768095813,2.03596108395257,-1.40665571198221,2.08700831848654
-1.04284365246398,2.15384172215083,-0.959799990694189,2.22164388102474
-0.959799990694189,2.22164388102474,-0.996809476394182,2.27555412648616
-0.996809476394182,2.27555412648616,-0.882223609487582,2.39400475149288
-0.882223609487582,2.39400475149288,-0.862167713412104,2.41680250388312
-0.862167713412104,2.41680250388312,-0.703340753641275,2.50657802659022
-0.703340753641275,2.50657802659022,-0.65956730789301,2.54443252932982
-0.65956730789301,2.54443252932982,-0.65337585808734,2.73275249391838
-0.65337585808734,2.73275249391838,-0.622756994784067,2.82702175230184
-0.622756994784067,2.82702175230184,-0.523465612617893,2.7893176531343
-0.523465612617893,2.7893176531343,-0.511335444535323,2.95482168663128
-0.348587632618406,3.1217627961857,-0.235834528478641,3.15882231771913
-0.235834528478641,3.15882231771913,-0.318262817154151,3.24478245451869
-1.04284365246398,2.15384172215083,-1.11398659075106,2.18617261701344
-1.11398659075106,2.18617261701344,-1.21260836122386,2.32830645750424
-1.21260836122386,2.32830645750424,-1.22311683474134,2.40633756273454
-1.22311683474134,2.40633756273454,-1.25064592114715,2.54439992981672
-1.25064592114715,2.54439992981672,-1.26310074088258,2.66536244299342
-1.26310074088258,2.66536244299342,-1.36186378495001,2.6507851212442
-2.26243028899187,-3.53963009235191,-2.43877373433434,-3.53460143003073
-2.43877373433434,-3.53460143003073,-2.54367685895906,-3.55234241240069
0.259154231747698,-0.334419102193036,0.374862259019829,-0.337504772638499
0.374862259019829,-0.337504772638499,0.364198515510681,-0.333209048612355
1.242020425541,-1.40866024173793,1.25908398783137,-1.51476543247503
1.25908398783137,-1.51476543247503,1.28828613271229,-1.56569504800949
-0.263191750453188,-3.75726963947955,-0.417271983021262,-3.72275181446511
-0.417271983021262,-3.72275181446511,-0.507094700933079,-3.70386488124442
1.53760939852768,-1.5744863338974,1.61736666224571,-1.56142393917365
4.4871889665683,-2.63797047220186,4.52399513353338,-2.68454621391465
4.52399513353338,-2.68454621391465,4.50428160088313,-2.82373279993744
4.50428160088313,-2.82373279993744,4.48039364137712,-2.95082802244418
4.51180732440088,-2.85923661881431,4.54414770011731,-2.86339726149775
4.54414770011731,-2.86339726149775,4.48695765061695,-2.95245291267086
4.81348537293434,-1.99949185031854,4.82905589280386,-1.95912873209791
4.82905589280386,-1.95912873209791,4.84686854238393,-2.15192535237243
-1.03026096262276,0.431336590889448,-1.14552538999715,0.365663233665669
-1.14552538999715,0.365663233665669,-1.23855775671642,0.433546390992599
-1.16322409029498,1.92885433211948,-1.11134045003846,2.07641445239292
-1.11134045003846,2.07641445239292,-1.04284365246398,2.15384172215083
1.40046896820412,-5.12038339757243,1.47564225425402,-5.1550571435575
-2.27864080967954,-4.83305794984928,-2.29478560029935,-4.94739523889228
-2.29478560029935,-4.94739523889228,-2.31754731904875,-5.1073457934205
1.32909844365083,-1.62475609492739,1.32599895273685,-1.72774627269016
1.32599895273685,-1.72774627269016,1.31762808409207,-1.81073486717289
0.45362888735825,-3.50596862398368,0.355214143649422,-3.59227615087492
-2.15068068219309,-3.82148649964848,-2.19163236439178,-3.9382622134966
-2.19163236439178,-3.9382622134966,-2.22836300049228,-4.06122056331425
1.04515457661949,-4.90438963037293,1.20457757690952,-4.99906362121852
4.5109565384975,-2.56678779274911,4.4871889665683,-2.63797047220186
0.12694082008184,-3.75943537207745,0.0463906730338007,-3.77967808583851
0.0463906730338007,-3.77967808583851,-0.0810812170207487,-3.74898334757467
-1.13468100251585,1.66307172802466,-1.09050065951092,1.79041638876426
-1.09050065951092,1.79041638876426,-1.11951459279384,1.88541659390715
1.36988960647474,-1.49618724842872,1.38517121824883,-1.45708330039322
1.38517121824883,-1.45708330039322,1.41235282361306,-1.47127052975302
4.65877209590592,-2.34813798064349,4.69584552015976,-2.33206391698921
4.69584552015976,-2.33206391698921,4.73463350736808,-2.30981224582606
1.45020262800258,-1.57223085432075,1.48662361604518,-1.55246195138645
1.48662361604518,-1.55246195138645,1.53760939852768,-1.5744863338974
1.41235282361306,-1.47127052975302,1.450220465664,-1.44821420787451
1.450220465664,-1.44821420787451,1.51545594623447,-1.44115989340845
3.50517757581277,-0.0715751066042526,3.59637987161661,-0.00957715526224451
3.59637987161661,-0.00957715526224451,3.6571070964865,0.0396276450617075
4.42471377137937,-2.27111069158016,4.54286822121845,-2.2543006331926
4.54286822121845,-2.2543006331926,4.58515665465991,-2.37313946322996
0.239411559310326,-0.0939762240290175,0.215145935812539,-0.159646265572654
0.215145935812539,-0.159646265572654,0.272351574261942,-0.239414669410526
0.355214143649422,-3.59227615087492,0.323821153296762,-3.6428131193404
0.323821153296762,-3.6428131193404,0.250363999686442,-3.71470360925059
0.250363999686442,-3.71470360925059,0.224341824670585,-3.71854790749764
0.224341824670585,-3.71854790749764,0.12694082008184,-3.75943537207745
1.61736666224571,-1.56142393917365,1.76516271329699,-1.55042907971943
1.95332061845353,-1.48418792537369,2.02799405124951,-1.52527571897472
-1.93692320988066,0.479394816200868,-2.08000068848688,0.510651805303422
-2.08000068848688,0.510651805303422,-2.1821608840596,0.549292077405934
-1.3704221081373,-4.20234431645724,-1.35848005718977,-4.34030362037054
-1.35848005718977,-4.34030362037054,-1.42218113670693,-4.40791316438578
3.47036100483456,-0.138037661856118,3.5324326200935,-0.0724552661732066
3.6571070964865,0.0396276450617075,3.71362626544005,0.09944315683205
3.71362626544005,0.09944315683205,3.73471018351303,0.0951963610047462
4.3867317591271,-2.21769827407419,4.42471377137937,-2.27111069158016
1.47564225425402,-5.1550571435575,1.64805783878716,-5.17547682741066
1.64805783878716,-5.17547682741066,1.75085911320647,-5.23496925527695
4.44228231362011,-2.40450803375672,4.46536761586619,-2.44295233717578
4.46536761586619,-2.44295233717578,4.5109565384975,-2.56678779274911
0.739605581212003,-3.1355922090488,0.624951160553466,-3.25736639826183
-1.77869655710792,-3.81011585687246,-1.87044519705549,-3.72904785840453
-1.87044519705549,-3.72904785840453,-1.96638339079112,-3.72471372578479
0.318296121495795,-5.3015216748613,0.312976458232764,-5.32709259745736
0.312976458232764,-5.32709259745736,0.27599035778922,-5.3885760749412
-1.53097203266736,0.404098783890227,-1.59330778863361,0.447348469373568
-1.59330778863361,0.447348469373568,-1.71150160618332,0.550885416153053
-1.71150160618332,0.550885416153053,-1.77264049028959,0.517400389275972
-1.77264049028959,0.517400389275972,-1.86949856420037,0.48410137633291
4.26975269877017,-3.69611917119793,4.22343782757547,-3.7981671310756
4.22343782757547,-3.7981671310756,4.21673096446403,-3.86344550398516
0.396454099830026,-4.23059874507751,0.464476367445497,-4.30908441643715
0.464476367445497,-4.30908441643715,0.499796247817203,-4.41898268984047
-0.511335444535323,2.95482168663128,-0.403019513590264,3.05614912752254
-0.403019513590264,3.05614912752254,-0.348587632618406,3.1217627961857
4.58515665465991,-2.37313946322996,4.63726131578592,-2.36168711825703
4.63726131578592,-2.36168711825703,4.65877209590592,-2.34813798064349
0.624951160553466,-3.25736639826183,0.551790377605836,-3.42495001716675
0.551790377605836,-3.42495001716675,0.45362888735825,-3.50596862398368
1.31762808409207,-1.81073486717289,1.27006383475138,-1.90513147645935
4.73463350736808,-2.30981224582606,4.78366986447287,-2.12614870558344
4.78366986447287,-2.12614870558344,4.81348537293434,-1.99949185031854
1.24885828147679,1.30916643484845,1.35706926472889,1.33966477571436
1.35706926472889,1.33966477571436,1.42704150480875,1.39466597680505
1.95563008070888,-5.25797309228922,2.10174748014912,-5.24233042032842
2.10174748014912,-5.24233042032842,2.17360167126764,-5.25502219728176
-1.68655536855251,-4.01658194053752,-1.58594026002185,-4.04859403655821
-1.58594026002185,-4.04859403655821,-1.41720815574377,-4.17616655208171
3.35636360832709,-0.207160673284981,3.47036100483456,-0.138037661856118
4.08267044550489,-2.04745194602944,4.20615314366915,-2.15969866663925
0.56418430047727,-0.584259623995176,0.627055802313124,-0.688886650955755
0.627055802313124,-0.688886650955755,0.698398874993937,-0.725856465705455
-2.29418859808834,-3.67281224197872,-2.33897032504852,-3.79757710556366
-2.33897032504852,-3.79757710556366,-2.35736254759022,-3.86316321164755
0.644568999280606,-4.65140594300929,0.725310944898446,-4.72351246254243
0.725310944898446,-4.72351246254243,0.806200990261524,-4.7999498815397
-2.76760680246288,-3.40570160792765,-2.82349733036728,-3.34470674709222
-2.82349733036728,-3.34470674709222,-2.9733587925559,-3.34221564341826
1.51545594623447,-1.44115989340845,1.54434701388352,-1.41569335820848
1.54434701388352,-1.41569335820848,1.63302852938662,-1.41171682681864
4.20615314366915,-2.15969866663925,4.27320532109484,-2.1910153010532
4.27320532109484,-2.1910153010532,4.3867317591271,-2.21769827407419
1.00014766975792,-2.63914880874101,0.917560980065179,-2.77702104371298
0.917560980065179,-2.77702104371298,0.81175497653998,-2.93429467240526
4.34841133723883,-2.39556333612998,4.40171259325413,-2.38293005793694
4.40171259325413,-2.38293005793694,4.44228231362011,-2.40450803375672
1.78762186423657,-1.34060777214244,1.94148166728816,-1.26057838723504
4.00491235030676,-2.14372267955363,4.11152130846537,-2.23191760044509
4.11152130846537,-2.23191760044509,4.25440395087803,-2.29642499743427
4.25440395087803,-2.29642499743427,4.26861050950844,-2.38438030291446
4.26861050950844,-2.38438030291446,4.34841133723883,-2.39556333612998
0.785197283808301,-0.831697230789316,0.851459570750509,-0.918967342408966
0.851459570750509,-0.918967342408966,0.9263833255973,-1.06623101281913
0.9263833255973,-1.06623101281913,0.998161441895272,-1.09237669425249
0.998161441895272,-1.09237669425249,1.07833837147615,-1.20623053218478
-0.25238504716376,0.131934267692944,-0.354638956106274,0.124279734164536
-0.354638956106274,0.124279734164536,-0.484392597288753,0.123678070193075
-0.828788341284217,0.701337914327331,-0.844355095830198,0.862704434826856
-0.844355095830198,0.862704434826856,-0.90870418530443,0.941775392901145
0.751901567546055,-4.62105848854859,0.81899062368869,-4.72839442716916
0.81899062368869,-4.72839442716916,0.898891849723768,-4.78992549737909
-1.56719794756778,-4.21231621218951,-1.52341949078513,-4.31883749809411
-1.52341949078513,-4.31883749809411,-1.50346305292088,-4.44166192836319
-2.17487082479292,-5.6440663920908,-2.17194038087344,-5.76468797630321
-2.17194038087344,-5.76468797630321,-2.18023410257904,-5.84269845869326
1.21938015115684,-2.09011266671811,1.17643974410301,-2.20225948509393
1.17643974410301,-2.20225948509393,1.14222338492516,-2.32420999095676
1.20457757690952,-4.99906362121852,1.2754383512287,-5.03696175421658
1.2754383512287,-5.03696175421658,1.37624899331193,-5.06645811254888
1.14222338492516,-2.32420999095676,1.05265764405911,-2.46137210818291
1.05265764405911,-2.46137210818291,1.00014766975792,-2.63914880874101
2.84328462923353,-0.655095783546668,2.97465426788466,-0.537753676494027
2.76000932805487,-1.53899263311531,2.94914901226679,-1.56425234121335
3.62705388337386,-1.82774467261337,3.7292074069082,-1.98741757362133
3.7292074069082,-1.98741757362133,3.88644060413454,-2.01757232363558
3.88644060413454,-2.01757232363558,4.00491235030676,-2.14372267955363
2.24283934682845,-1.49316975716345,2.39765348763151,-1.47780120247494
2.39765348763151,-1.47780120247494,2.56124778331516,-1.47894415952423
3.16380893265683,-0.369943736154345,3.28848801480569,-0.241994937497926
3.28848801480569,-0.241994937497926,3.35636360832709,-0.207160673284981
3.97551266334534,-2.00510750651461,4.08267044550489,-2.04745194602944
0.31214362236034,-0.314975736654841,0.383289342321172,-0.407255797277328
0.383289342321172,-0.407255797277328,0.472114888742704,-0.498603767534084
1.07833837147615,-1.20623053218478,1.16601352308262,-1.32319337422601
1.16601352308262,-1.32319337422601,1.23660765920865,-1.36965986973473
4.84686854238393,-2.15192535237243,4.83330497622097,-2.07103110138777
4.83330497622097,-2.07103110138777,4.85608920343951,-1.97278408983235
-0.82025520157306,0.320024599722475,-0.879933313112764,0.345520491930428
-0.879933313112764,0.345520491930428,-0.982091094013231,0.375000418786049
0.85024177573482,1.00517419512939,0.903463557824668,1.09869820875378
0.903463557824668,1.09869820875378,0.955820903757577,1.16821402399335
-2.50655992857362,0.630388003904935,-2.57646057532966,0.515377124302313
-2.57646057532966,0.515377124302313,-2.65756867628224,0.436079054805222
1.76516271329699,-1.55042907971943,1.88553589951523,-1.53698875225243
1.88553589951523,-1.53698875225243,1.95332061845353,-1.48418792537369
1.63302852938662,-1.41171682681864,1.71516583789715,-1.38596178030762
1.71516583789715,-1.38596178030762,1.78762186423657,-1.34060777214244
0.81175497653998,-2.93429467240526,0.783836838778625,-3.0450003508012
0.783836838778625,-3.0450003508012,0.739605581212003,-3.1355922090488
2.97465426788466,-0.537753676494027,3.06421914314144,-0.45951640302386
3.06421914314144,-0.45951640302386,3.16380893265683,-0.369943736154345
2.02799405124951,-1.52527571897472,2.1272556180162,-1.5290053689516
2.1272556180162,-1.5290053689516,2.24283934682845,-1.49316975716345
2.56124778331516,-1.47894415952423,2.71161831725838,-1.51194332871926
2.71161831725838,-1.51194332871926,2.88299447444667,-1.50397943353892
2.88299447444667,-1.50397943353892,3.08452816278642,-1.52827315960089
3.08452816278642,-1.52827315960089,3.24608347924173,-1.60704760999934
1.94148166728816,-1.26057838723504,2.03099158881025,-1.22256484550043
2.03099158881025,-1.22256484550043,2.11271353082647,-1.17266576281104
2.11271353082647,-1.17266576281104,2.29014562693539,-1.05489864346694
2.29014562693539,-1.05489864346694,2.40265948422408,-0.987075574569098
2.40265948422408,-0.987075574569098,2.51277861629337,-0.901533555291992
2.51277861629337,-0.901533555291992,2.63658358569537,-0.779798400350811
3.24608347924173,-1.60704760999934,3.40539458429132,-1.68786493438229
3.40539458429132,-1.68786493438229,3.55731275297384,-1.77136982618012
3.55731275297384,-1.77136982618012,3.67941366240296,-1.83118133476994
3.67941366240296,-1.83118133476994,3.80096817214434,-1.86056622023319
0.211663790630152,-5.44294937773195,0.276664744735108,-5.53150704969861
0.276664744735108,-5.53150704969861,0.347064693448352,-5.60687370060114
-2.64662544134409,-3.23071050617087,-2.70555731369414,-3.32533812111451
-2.70555731369414,-3.32533812111451,-2.76760680246288,-3.40570160792765
1.27006383475138,-1.90513147645935,1.23687113501306,-2.00780885041113
1.23687113501306,-2.00780885041113,1.21938015115684,-2.09011266671811
2.63658358569537,-0.779798400350811,2.75926899194833,-0.739196518996457
2.75926899194833,-0.739196518996457,2.84328462923353,-0.655095783546668
2.56124778331516,-1.47894415952423,2.66300116344663,-1.5171029900235
2.66300116344663,-1.5171029900235,2.76000932805487,-1.53899263311531
2.94914901226679,-1.56425234121335,3.05151154116007,-1.59938933937114
3.05151154116007,-1.59938933937114,3.18560854723644,-1.65256595402517
3.18560854723644,-1.65256595402517,3.28914229123939,-1.68210342764668
3.28914229123939,-1.68210342764668,3.38266242835407,-1.71095995450102
3.38266242835407,-1.71095995450102,3.50011703713386,-1.78526570170029
3.50011703713386,-1.78526570170029,3.62705388337386,-1.82774467261337
3.80096817214434,-1.86056622023319,3.86569925513846,-1.93192473520652
3.86569925513846,-1.93192473520652,3.97551266334534,-2.00510750651461
