0.194827670038818
0.225330187191365
0.678084319548654
1.0249914796361
1.96974457007457
2.2959536572633
2.95968958994166
2.99879671057069
4.41160843142602
4.43508936712315
5.50568838322534
5.10129717887858
5.69300829389372
5.90794144122967
5.89908072208187
6.94370961370339
6.6765607537915
8.03412989107008
7.74340712852517
8.08962581900474
8.05508355874948
7.81561874490403
7.9724579516386
8.88369167117219
8.72748550385783
8.90030636579733
9.08268480383448
9.90449114992713
10.787473832231
11.2218148446555
