0.190446756135395
0.510004698001916
1.3011225218323
2.24142792139972
1.97564517229272
1.95138842610451
2.78387587125689
2.13441681275081
2.93913532650696
3.10889677261296
3.46850142103763
3.6610267600399
3.46021912564428
1.25999017825972
2.09807732178077
4.46066848110937
2.45594000107933
2.70566505257444
3.39660293021389
4.87440857172519
4.65111278726255
4.54776519433473
3.79292312863498
5.11954086755797
5.62229044412844
5.1004550695309
6.74946824673527
5.39862901355522
6.31672906884217
7.97187688438974
