0.191081047037389
0.523737500084982
1.47751758158867
2.38187901003455
2.42722140069272
2.59617578109337
3.03403581011248
2.88639066300652
3.29222968579937
3.80390444187021
3.75214136496706
4.53682590253364
4.39224064315218
5.08667617473318
5.96482913655501
5.77884118505523
5.97391312046904
6.06617094173374
6.58129083848861
8.59660723049785
8.33671760747162
8.35298938533818
8.77627406650818
9.67429229702003
9.33147544899246
10.7880740015715
10.6299722865919
12.0322797073304
12.1268517236009
14.6599180092478
