1.11239189703591,0.0319938514256399,1.07168713095971,1.04166426216379,0.953299092415747,0.0167123441484009,0.0636474134392633,0.809942459117223,0.736195783448705,0.588769492951061,1.10266442131979,0.299411440978269,0.0899296655419679,0.525666183082939,0.147439849127189,0.390187828222778,0.382059699677903,0.484860046181943,0.133952996666417,0.119515905086091,0.298450719640184,0.0848563827413966,0.492562741624403,0.00380777355932382,0.760108269682514,0.000741454488829341,0.192461653606644,0.0253766965742672,0.923385782807826,0.00763875040008788
0.0319938514256399,2.50950798036151,0.00530984129194989,0.169035514298269,0.258773668464936,2.47591787148079,2.4724487325052,0.514090147928098,0.693159165297598,1.00897612737239,0.120316343101056,1.79309297770389,1.60482570164786,0.350766290484926,1.37636876231317,0.659892553847996,0.678938921124257,0.487013557813167,1.45271390765769,1.53626935668845,0.855271655963858,1.68921956851447,0.536750227279512,2.39463965352461,0.147849394448688,2.36610497561499,1.29118153896095,2.02313189825225,0.0444537539000858,2.18079104112118
1.07168713095971,0.00530984129194989,2.17806784047072,1.48010214924908,1.25451965996452,2.10401096216728e-05,0.0259283377129833,1.05455963759771,0.953096275452488,0.719717353142952,1.97112890775546,0.301676594266648,0.30616013257334,1.11837418030524,0.436758755887821,0.911213297237445,0.896632117086142,1.09056175916069,0.411136970497421,0.382758211859338,0.731598235564315,0.302042648023106,1.13690569510103,0.00711348160424174,1.61413368022871,0.0178499751033061,0.546649711444752,0.144167187284467,1.95553836551582,0.0820846248382114
1.04166426216379,0.169035514298269,1.48010214924908,2.12978557000402,1.87698457713283,0.136454184037796,0.274746492133025,1.69549173410764,1.59390512250888,1.33350802162665,2.08073235400113,0.797673342680715,0.0275361266420124,0.534231978853229,0.0769349313556051,0.362144636748549,0.351594916776096,0.492171364027552,0.0641098723028835,0.0509778687984563,0.244440944824308,0.0234326065785533,0.514334103343223,0.0850538546162212,0.925097494543243,0.0656737156261866,0.123511261995343,0.000437164705497928,1.28190356848228,0.0130756608210829
0.953299092415747,0.258773668464936,1.25451965996452,1.87698457713283,2.0441316133605,0.225206655671649,0.391583431165531,1.84347911867985,1.74257327440679,1.49634652426259,1.88280910126883,0.960479009557571,0.00197379551110943,0.383518134696581,0.0239581119138572,0.233116555925703,0.224452030201363,0.340752986040063,0.0167940642462736,0.0102241273047863,0.140675220640071,0.000831943740045027,0.354554296002947,0.160933660680568,0.719618961259423,0.136993940693606,0.0508274874886174,0.0203527499055562,1.04193465343553,0.0548404169589052
0.0167123441484009,2.47591787148079,2.10401096216728e-05,0.136454184037796,0.225206655671649,3.54345888152034,3.1342593515864,0.492337353886186,0.691177232057948,1.05210447016382,0.0881208403304536,2.03699299243798,2.29339747796458,0.522439660676436,1.97526504622946,0.96410072743103,0.990901135539338,0.728185853031462,2.09607375538888,2.22893099410657,1.22680525137469,2.4496738713242,0.817384594585414,3.42286872998483,0.255970295545147,3.40886506364494,1.88966337965332,2.93120250932018,0.102992429890964,3.15904672356202
0.0636474134392633,2.4724487325052,0.0259283377129833,0.274746492133025,0.391583431165531,3.1342593515864,3.70399197834482,0.743209768405844,0.996895227783162,1.42787812645959,0.231806753432123,2.55208005500204,1.88523058648025,0.318573659320987,1.57663990814109,0.669396161765715,0.691914593605725,0.471713508724843,1.69092451728274,1.82007050718759,0.898889089519584,2.04221421968158,0.53453454264766,3.06979563503128,0.111316566498055,3.13294569118446,1.48946075363999,2.55771352946477,0.0190118363781426,2.82725266507458
0.809942459117223,0.514090147928098,1.05455963759771,1.69549173410764,1.84347911867985,0.492337353886186,0.743209768405844,2.54364379813178,2.44172207311252,2.16441809177425,1.89432831010852,1.51784901717473,0.0279677880178761,0.223216972955238,0.00232227924055062,0.0996354578001033,0.0933134830939868,0.182628760339929,0.00602963939455137,0.0123004630109653,0.0390389289131008,0.0359861403723265,0.190192361558269,0.399250461998765,0.522231337749562,0.370691876544723,0.000553094429584178,0.140055725203734,0.847656804054385,0.222509052197433
0.736195783448705,0.693159165297598,0.953096275452488,1.59390512250888,1.74257327440679,0.691177232057948,0.996895227783162,2.44172207311252,2.94291898607668,2.63119437325326,1.85924523078243,1.91046387346868,0.082927159134893,0.153688896213349,0.0267362198456551,0.0495208697099043,0.0448032436092451,0.115978907038954,0.0383547716574375,0.0539794173136814,0.00967854716897598,0.099422219887928,0.120293669700717,0.584370407088759,0.426539779147382,0.558650263052897,0.00841601834264516,0.258403922850308,0.746028810045321,0.371839642706981
0.588769492951061,1.00897612737239,0.719717353142952,1.33350802162665,1.49634652426259,1.05210447016382,1.42787812645959,2.16441809177425,2.63119437325326,3.24386521016964,1.5475226589867,2.48683845587788,0.244612412418151,0.051310647390479,0.135068908733373,0.0015045712303281,0.000737602082904409,0.0263495339953712,0.162693490086907,0.196853776083624,0.00806673802780322,0.280056426944668,0.0258490099215605,0.933783630452851,0.240415625930823,0.920154280011515,0.0903286770455223,0.526552556005151,0.498872550539319,0.685496546271826
1.10266442131979,0.120316343101056,1.97112890775546,2.08073235400113,1.88280910126883,0.0881208403304536,0.231806753432123,1.89432831010852,1.85924523078243,1.5475226589867,3.80474403150005,0.869689843057324,0.122857096604744,0.941975682426476,0.234419124518613,0.727766158680704,0.711671569325478,0.93502487339672,0.210485611145144,0.184507354817361,0.529683294654974,0.117256368831197,1.0146388463663,0.0413217958935586,1.59696215241928,0.0250806196334912,0.339841510408631,0.0172492693663484,2.24757470516162,0.000298578727615073
0.299411440978269,1.79309297770389,0.301676594266648,0.797673342680715,0.960479009557571,2.03699299243798,2.55208005500204,1.51784901717473,1.91046387346868,2.48683845587788,0.869689843057324,3.88488649236018,0.891311400292623,0.0208280627066126,0.663861590202929,0.138186545396968,0.14813773144428,0.0570733126994099,0.736437385925867,0.821974394801792,0.256875612628237,0.990964771078345,0.0682720178846905,1.9322563823985,0.0132731771167469,1.98183578026555,0.581181014125927,1.4250122653517,0.110457407740076,1.67664139400603
0.0899296655419679,1.60482570164786,0.30616013257334,0.0275361266420124,0.00197379551110943,2.29339747796458,1.88523058648025,0.0279677880178761,0.082927159134893,0.244612412418151,0.122857096604744,0.891311400292623,5.12776170277483,1.77505988367594,4.66013118944922,2.79802473544513,2.85272764568022,2.36674228515837,4.90105756837845,5.05792076215072,3.22218437895504,5.1219270434431,2.72149400739994,2.82318991150967,1.3848339269447,3.37974256263074,4.66451575000963,4.64543182576717,1.05334326554089,4.26876590041307
0.525666183082939,0.350766290484926,1.11837418030524,0.534231978853229,0.383518134696581,0.522439660676436,0.318573659320987,0.223216972955238,0.153688896213349,0.051310647390479,0.941975682426476,0.0208280627066126,1.77505988367594,2.94968646015725,2.04437414896373,2.73495210181285,2.71819135353527,2.90680649858434,2.01099756234069,1.97187169353573,2.49234787665404,1.80751151416891,2.916208485013,0.702236419170216,2.55436603467645,0.845862131020958,2.27120151286523,1.40832291051313,2.22796760354315,1.20009373870981
0.147439849127189,1.37636876231317,0.436758755887821,0.0769349313556051,0.0239581119138572,1.97526504622946,1.57663990814109,0.00232227924055062,0.0267362198456551,0.135068908733373,0.234419124518613,0.663861590202929,4.66013118944922,2.04437414896373,5.1287910242097,3.16613006932626,3.22474918202088,2.71742088400957,5.09533040655679,5.05627345585181,3.58981991762235,4.85201249499875,3.13455227369361,2.45605408673086,1.67530848378314,2.94847086525029,5.04042657528616,4.19108745769685,1.33543738981526,3.80148406987055
0.390187828222778,0.659892553847996,0.911213297237445,0.362144636748549,0.233116555925703,0.96410072743103,0.669396161765715,0.0996354578001033,0.0495208697099043,0.0015045712303281,0.727766158680704,0.138186545396968,2.79802473544513,2.73495210181285,3.16613006932626,4.03026889871659,4.01036734499617,3.57485636668297,3.14216055613649,3.10943278188436,3.67614595038552,2.89155932802883,3.87544007011064,1.24989849023861,2.47785188368757,1.50312039766409,3.51015465186026,2.34278893957588,2.143374550768,2.04888847787765
0.382059699677903,0.678938921124257,0.896632117086142,0.351594916776096,0.224452030201363,0.990901135539338,0.691914593605725,0.0933134830939868,0.0448032436092451,0.000737602082904409,0.711671569325478,0.14813773144428,2.85272764568022,2.71819135353527,3.22474918202088,4.01036734499617,4.07313373639497,3.55596086493526,3.20152908891739,3.16934034257694,3.7323927019208,2.94960102580373,3.88226960233323,1.28238703009588,2.45795805663346,1.54181760605651,3.57281699337024,2.39481375525067,2.12358791161919,2.09716447607689
0.484860046181943,0.487013557813167,1.09056175916069,0.492171364027552,0.340752986040063,0.728185853031462,0.471713508724843,0.182628760339929,0.115978907038954,0.0263495339953712,0.93502487339672,0.0570733126994099,2.36674228515837,2.90680649858434,2.71742088400957,3.57485636668297,3.55596086493526,3.87243957630974,2.69117948353238,2.65697270770899,3.22976038174945,2.44578690508546,3.87155391521957,0.96900817217166,2.76358214468381,1.17723314976345,3.05875151021857,1.92811546680232,2.43521269053775,1.65754433946782
0.133952996666417,1.45271390765769,0.411136970497421,0.0641098723028835,0.0167940642462736,2.09607375538888,1.69092451728274,0.00602963939455137,0.0383547716574375,0.162693490086907,0.210485611145144,0.736437385925867,4.90105756837845,2.01099756234069,5.09533040655679,3.14216055613649,3.20152908891739,2.69117948353238,5.50078893742199,5.46164891749829,3.56346987563709,5.23223331662107,3.1283604883648,2.60753732846226,1.64310932870008,3.1533292634507,5.26416146748707,4.50514219254477,1.3030268984063,4.08644998457652
0.119515905086091,1.53626935668845,0.382758211859338,0.0509778687984563,0.0102241273047863,2.22893099410657,1.82007050718759,0.0123004630109653,0.0539794173136814,0.196853776083624,0.184507354817361,0.821974394801792,5.05792076215072,1.97187169353573,5.05627345585181,3.10943278188436,3.16934034257694,2.65697270770899,5.46164891749829,5.95249836510958,3.52845615877791,5.66052720707219,3.11163946683913,2.77323243830089,1.60449658080509,3.38192624859458,5.41221237323491,4.8588888740559,1.26429576210992,4.40958915640708
0.298450719640184,0.855271655963858,0.731598235564315,0.244440944824308,0.140675220640071,1.22680525137469,0.898889089519584,0.0390389289131008,0.00967854716897598,0.00806673802780322,0.529683294654974,0.256875612628237,3.22218437895504,2.49234787665404,3.58981991762235,3.67614595038552,3.7323927019208,3.22976038174945,3.56346987563709,3.52845615877791,4.10224822581663,3.31675581360134,3.57721211013569,1.55653550590515,2.16406725937114,1.85377631128435,3.88102682178808,2.76051758785516,1.82405278388733,2.45253379051879
0.0848563827413966,1.68921956851447,0.302042648023106,0.0234326065785533,0.000831943740045027,2.4496738713242,2.04221421968158,0.0359861403723265,0.099422219887928,0.280056426944668,0.117256368831197,0.990964771078345,5.1219270434431,1.80751151416891,4.85201249499875,2.89155932802883,2.94960102580373,2.44578690508546,5.23223331662107,5.66052720707219,3.31675581360134,6.08758576423017,2.86164700120718,3.03113153263313,1.42496658453406,3.7079117472146,5.12251266348713,5.27030186867922,1.08825930540731,4.80803673617455
0.492562741624403,0.536750227279512,1.13690569510103,0.514334103343223,0.354554296002947,0.817384594585414,0.53453454264766,0.190192361558269,0.120293669700717,0.0258490099215605,1.0146388463663,0.0682720178846905,2.72149400739994,2.916208485013,3.13455227369361,3.87544007011064,3.88226960233323,3.87155391521957,3.1283604883648,3.11163946683913,3.57721211013569,2.86164700120718,4.813423192457,1.09559791917722,2.94340123127904,1.35115189151047,3.62024163337257,2.24701516685301,2.67791517371147,1.92828893804782
0.00380777355932382,2.39463965352461,0.00711348160424174,0.0850538546162212,0.160933660680568,3.42286872998483,3.06979563503128,0.399250461998765,0.584370407088759,0.933783630452851,0.0413217958935586,1.9322563823985,2.82318991150967,0.702236419170216,2.45605408673086,1.24989849023861,1.28238703009588,0.96900817217166,2.60753732846226,2.77323243830089,1.55653550590515,3.03113153263313,1.09559791917722,4.09284129084197,0.390164070370524,4.06425902694177,2.38280154098737,3.58041222744603,0.193518309036464,3.82754585898179
0.760108269682514,0.147849394448688,1.61413368022871,0.925097494543243,0.719618961259423,0.255970295545147,0.111316566498055,0.522231337749562,0.426539779147382,0.240415625930823,1.59696215241928,0.0132731771167469,1.3848339269447,2.55436603467645,1.67530848378314,2.47785188368757,2.45795805663346,2.76358214468381,1.64310932870008,1.60449658080509,2.16406725937114,1.42496658453406,2.94340123127904,0.390164070370524,3.56323835537943,0.500251876425413,1.95864192515013,1.01338454772556,3.22261761883522,0.812640030364109
0.000741454488829341,2.36610497561499,0.0178499751033061,0.0656737156261866,0.136993940693606,3.40886506364494,3.13294569118446,0.370691876544723,0.558650263052897,0.920154280011515,0.0250806196334912,1.98183578026555,3.37974256263074,0.845862131020958,2.94847086525029,1.50312039766409,1.54181760605651,1.17723314976345,3.1533292634507,3.38192624859458,1.85377631128435,3.7079117472146,1.35115189151047,4.06425902694177,0.500251876425413,5.08855612840265,2.91671094894238,4.42053787238681,0.269937755502519,4.76415012182926
0.192461653606644,1.29118153896095,0.546649711444752,0.123511261995343,0.0508274874886174,1.88966337965332,1.48946075363999,0.000553094429584178,0.00841601834264516,0.0903286770455223,0.339841510408631,0.581181014125927,4.66451575000963,2.27120151286523,5.04042657528616,3.51015465186026,3.57281699337024,3.05875151021857,5.26416146748707,5.41221237323491,3.88102682178808,5.12251266348713,3.62024163337257,2.38280154098737,1.95864192515013,2.91671094894238,6.08992172156229,4.32088345302117,1.62327269597752,3.87942127261795
0.0253766965742672,2.02313189825225,0.144167187284467,0.000437164705497928,0.0203527499055562,2.93120250932018,2.55771352946477,0.140055725203734,0.258403922850308,0.526552556005151,0.0172492693663484,1.4250122653517,4.64543182576717,1.40832291051313,4.19108745769685,2.34278893957588,2.39481375525067,1.92811546680232,4.50514219254477,4.8588888740559,2.76051758785516,5.27030186867922,2.24701516685301,3.58041222744603,1.01338454772556,4.42053787238681,4.32088345302117,6.14409401336824,0.701321613936514,5.66967582902608
0.923385782807826,0.0444537539000858,1.95553836551582,1.28190356848228,1.04193465343553,0.102992429890964,0.0190118363781426,0.847656804054385,0.746028810045321,0.498872550539319,2.24757470516162,0.110457407740076,1.05334326554089,2.22796760354315,1.33543738981526,2.143374550768,2.12358791161919,2.43521269053775,1.3030268984063,1.26429576210992,1.82405278388733,1.08825930540731,2.67791517371147,0.193518309036464,3.22261761883522,0.269937755502519,1.62327269597752,0.701321613936514,4.20339941937374,0.522902786601946
0.00763875040008788,2.18079104112118,0.0820846248382114,0.0130756608210829,0.0548404169589052,3.15904672356202,2.82725266507458,0.222509052197433,0.371839642706981,0.685496546271826,0.000298578727615073,1.67664139400603,4.26876590041307,1.20009373870981,3.80148406987055,2.04888847787765,2.09716447607689,1.65754433946782,4.08644998457652,4.40958915640708,2.45253379051879,4.80803673617455,1.92828893804782,3.82754585898179,0.812640030364109,4.76415012182926,3.87942127261795,5.66967582902608,0.522902786601946,6.10695186267014
