1.11239189703591
2.50950798036151
2.17806784047072
2.12978557000402
2.0441316133605
3.54345888152034
3.70399197834482
2.54364379813178
2.94291898607668
3.24386521016964
3.80474403150005
3.88488649236018
5.12776170277483
2.94968646015725
5.1287910242097
4.03026889871659
4.07313373639497
3.87243957630974
5.50078893742199
5.95249836510958
4.10224822581663
6.08758576423017
4.813423192457
4.09284129084197
3.56323835537943
5.08855612840265
6.08992172156229
6.14409401336824
4.20339941937374
6.10695186267014
