0.899018225544993
0.930298075443654
1.33231574663618
1.85491080640849
1.94359428015493
2.08393626491244
3.21068499649173
4.02834144628391
4.60334870925375
2.36401196134857
3.41359083936714
3.71114317664982
3.63714785087186
4.9384764095847
3.46051719766864
4.02373707726273
5.06978583127797
4.82949474167136
4.67011168623103
3.39466745013921
5.48737008069773
5.669499492852
5.18545104737493
5.45188232760069
6.24090474495966
6.02525569779251
4.73517587233308
6.03204689632974
7.00780197153345
8.01300799268896
