1.58274020719771
1.37694949948977
1.37532882467895
2.38375660860457
1.8756503403204
1.9067571864647
2.74182868877013
2.01060433099542
2.27536908882718
3.46372311717185
3.03728227437759
3.29364296987672
3.64233219545148
4.09928326208539
3.75759942432881
4.08144542802291
4.55081930406901
4.37965466212522
4.93387567570517
4.29543240905002
4.20192455554878
5.40092985416609
5.92323213850966
5.45216981141712
4.51517350393417
5.61223853503636
5.75280408040838
6.17011077323535
6.1655953949336
4.24544855740269
