1.60165381050376
3.85448058120592
4.40766115397516
4.18905621323652
4.50895565709292
4.80997849511488
4.89333296529575
4.96747134230857
5.67657028650644
6.59798961055548
6.74486795651388
7.05365012248378
7.52500397475108
8.07836848370204
8.77991800125505
9.26659742401976
9.52910430786275
9.77321613235457
11.4350671643246
11.2578559041013
11.2673188647402
12.3195826700347
13.4287662443757
14.3891338646476
12.8218216255643
14.0013890315264
14.4539751735319
14.014510857326
15.6658179446994
15.9944504467295
