1.426049923864
1.95664044092368
2.61422462766848
1.69047010605533
2.63654540410729
2.27972920893402
2.36562902780852
1.91300172278052
2.10350811796284
2.41297119747389
2.74763433507283
3.73803556254761
3.65114848790971
3.35826227251972
4.03111297016619
4.37267267337355
3.58728665631324
4.27416603058397
4.25744421957956
3.76049826989974
5.37988248719295
4.70233348925723
5.11365124038993
5.7374633251026
5.19281425572809
5.74088697803465
5.68089852197566
5.7221274780944
6.3123208142525
5.66765553946861
