2.52307246077499
2.78462686518984
3.08060619131483
2.99096111807281
3.10986291389038
3.45128972192379
3.26918823790912
3.72808887981252
3.11836586704599
3.87868239731336
4.00061715583433
5.09333778832825
5.10941409338174
4.45311110940008
5.88152449602368
5.26456522153899
5.44384520653031
6.15542757785111
6.72360039939498
6.22403450787081
6.67402655322485
6.70416512761594
7.4916976165699
7.04373705584903
7.95607648656868
8.86558816733069
7.8999891217222
8.09111482628859
9.12849936450197
8.6430175686263
