1.58556035595081
3.24479989819385
2.63125885681525
3.903521696694
3.95377327240999
4.3019492510689
4.52848209503786
4.68027437654701
4.48008280438901
4.85861258265203
4.7488609076364
5.2208392105393
4.75400248119881
5.3667548131505
6.58958396295013
7.66942495672897
7.39496936193837
7.85152644547425
7.98322307907195
8.42912612983725
8.24841682289155
8.69079439925401
9.39133070282965
9.27014122936828
9.54222320619591
9.72574537685413
10.1328479949105
9.98177246655951
10.5935580491537
10.7869126769991
