0.411766192797088
2.96288498010348
1.21903095557828
3.50296690838466
3.56409130572573
2.56325765328091
3.61781732953453
3.8580404941631
3.83034591638248
3.18072388308583
2.19601496589524
2.85062150533774
2.7755752859418
3.47043608647463
4.41366288122972
3.59932435156595
4.92687627876984
4.73712344000532
4.92385871761523
4.73616285178153
5.39307290663508
5.92651405899972
5.81975200900504
6.34793959847936
6.35794729736354
6.80074370921476
4.68962806725403
6.81116249315575
6.77505850377485
7.83863746117355
