2.24777418236764
2.4013768743903
2.51876828897835
2.93459262003599
3.21530605643496
3.42851796882639
3.86903668040615
4.33880521234975
4.45209707775161
4.15182821102523
4.82833374754337
5.43602290472072
5.34706277937399
5.52086637845785
6.02806062428655
6.5321415769498
6.63847937656231
7.16585845137693
9.66082149723219
9.09847866342865
9.89192958170054
9.93040099619925
10.277201179284
11.1766200769576
10.8118547133162
10.7833030014938
11.3404585106585
11.1352047545353
14.5492729606303
14.9488485691552
