0.856916170861537
0.472532531682015
0.990715686787903
1.02179030515546
1.23161815185692
1.15241763985882
1.74194588062354
2.10915507147995
2.23036322905544
3.18234309326195
3.64193228453096
3.72630478178779
4.81604109508431
3.39355229442225
4.28673238857249
4.4692693328026
4.30558637864883
5.09655889041915
4.98925665630301
3.26892089767495
5.13781299046213
5.60930717134601
5.45129005343818
5.64972262312857
5.1557820835866
3.97040651080613
5.00876872745115
5.91282323255888
5.22725073607715
4.38880809705673
