-0.601745999207223,0.853851134758874,-0.601745999207223,0.853851134758874
-0.601745999207223,0.853851134758874,-0.592962518848947,0.859432827214203
-0.671399413267811,-2.17070650981831,-0.594417032655712,-2.24291302320428
2.50305719801802,-0.851268854840877,2.56064168388434,-0.876429306740907
-0.844632114350443,1.11797269922043,-0.962868612889762,1.15860915579344
0.262656965013652,1.26696330079022,0.237741464010376,1.37994843673647
-0.401627873391312,0.934927697567609,-0.257644537022799,0.930830548112933
-0.439260469993197,-2.01000886965053,-0.475331854549262,-2.01453862332565
-0.475331854549262,-2.01453862332565,-0.525560033145942,-2.04725057082382
-0.525560033145942,-2.04725057082382,-0.620539150963369,-2.06695966951915
1.62526064728236,-0.718168268855907,1.70028751519683,-0.71245896622349
1.87938399171117,-0.627589896126372,1.88768885456797,-0.567812707683295
1.88768885456797,-0.567812707683295,1.95684528569147,-0.583419189561744
-0.620539150963369,-2.06695966951915,-0.696744862234431,-2.02425263512974
-0.696744862234431,-2.02425263512974,-0.776583841106276,-2.01915979894308
-0.776583841106276,-2.01915979894308,-0.829269759605067,-1.9874571352021
-0.829269759605067,-1.9874571352021,-0.854359198764169,-2.00843619278924
-0.854359198764169,-2.00843619278924,-0.859634510892144,-2.00689323564201
1.94915865093214,-0.506061350875204,1.94708987678892,-0.503034667028012
1.94708987678892,-0.503034667028012,2.00083173334333,-0.460601459685768
2.00083173334333,-0.460601459685768,1.96719715527419,-0.44006741802964
1.96719715527419,-0.44006741802964,1.99172827303355,-0.273312312122111
1.99172827303355,-0.273312312122111,1.98734928325526,-0.227080784582392
1.98734928325526,-0.227080784582392,1.92116214045751,-0.233509449848011
1.92116214045751,-0.233509449848011,1.98260913427079,-0.224352784890945
1.98260913427079,-0.224352784890945,1.97475464791864,-0.155757937929102
1.97475464791864,-0.155757937929102,1.96178428135012,-0.100282378000931
1.96178428135012,-0.100282378000931,1.96104411781176,-0.0716430491104999
1.96104411781176,-0.0716430491104999,1.96992588505633,-0.116032552315587
1.96992588505633,-0.116032552315587,1.90945242062059,0.0219130661585539
1.90945242062059,0.0219130661585539,1.93326182046783,0.0346828519147104
1.93326182046783,0.0346828519147104,1.89767950019339,0.152021880711609
1.89767950019339,0.152021880711609,1.95542837619993,0.0321611806975723
1.95684528569147,-0.583419189561744,2.00612731400975,-0.561589007196866
2.00612731400975,-0.561589007196866,1.97586949353751,-0.625508035692613
1.97586949353751,-0.625508035692613,1.93297183850418,-0.657092205579629
1.93297183850418,-0.657092205579629,1.99814028782765,-0.638450742244448
1.99814028782765,-0.638450742244448,2.08891644033966,-0.678061855426294
2.08891644033966,-0.678061855426294,2.14540098936453,-0.750951947098299
1.95684528569147,-0.583419189561744,2.01562315425506,-0.559498189985734
2.01562315425506,-0.559498189985734,2.05512748261447,-0.568490888127448
2.05512748261447,-0.568490888127448,2.08539746354068,-0.492378671057757
2.08539746354068,-0.492378671057757,2.12933152840609,-0.583957146487765
2.12933152840609,-0.583957146487765,2.16595987148282,-0.578689515361152
2.16595987148282,-0.578689515361152,2.23040595945749,-0.594991635485674
2.23040595945749,-0.594991635485674,2.3376126602243,-0.652537226296916
2.3376126602243,-0.652537226296916,2.32840955234849,-0.70684121384749
2.32840955234849,-0.70684121384749,2.37630139415282,-0.768545290246552
2.37630139415282,-0.768545290246552,2.50305719801802,-0.851268854840877
-0.401627873391312,0.934927697567609,-0.233416108422935,0.992089890999436
-0.233416108422935,0.992089890999436,-0.235307325735953,1.03284925254546
-0.235307325735953,1.03284925254546,-0.155062027586179,1.02954663172089
-0.155062027586179,1.02954663172089,-0.0494143871098091,1.11679720267634
-0.0494143871098091,1.11679720267634,0.0540256494778649,1.17192436480674
0.0540256494778649,1.17192436480674,0.0508199448841506,1.16634269706511
-0.859634510892144,-2.00689323564201,-0.930858991378677,-1.96933024059724
-1.18072925778791,-1.76531097418137,-1.11131987732959,-1.78610114406363
-1.11131987732959,-1.78610114406363,-1.13312588940144,-1.84715168138759
-1.24425670694873,-1.68269856459197,-1.25702696317653,-1.74591066316009
-1.25702696317653,-1.74591066316009,-1.38643705932034,-1.68443995092759
-1.38643705932034,-1.68443995092759,-1.43972328046792,-1.67229710918099
-1.43972328046792,-1.67229710918099,-1.47472919342349,-1.65675380928301
-1.47472919342349,-1.65675380928301,-1.58111203004393,-1.56974079538621
-1.58111203004393,-1.56974079538621,-1.68248997001935,-1.56652374540456
-1.68248997001935,-1.56652374540456,-1.71841118582657,-1.54680186156877
-1.71841118582657,-1.54680186156877,-1.79838583569192,-1.52054824984024
-1.79838583569192,-1.52054824984024,-1.8755718235927,-1.56753165642146
-0.620539150963369,-2.06695966951915,-0.61828284332456,-2.13399893630821
-0.61828284332456,-2.13399893630821,-0.629354445108559,-2.16075798739068
-0.629354445108559,-2.16075798739068,-0.671399413267811,-2.17070650981831
-0.592962518848947,0.859432827214203,-0.584909522004822,0.863611377707625
-0.584909522004822,0.863611377707625,-0.614135994615335,0.906593574402781
-0.614135994615335,0.906593574402781,-0.697532887297249,0.841578323848946
-0.697532887297249,0.841578323848946,-0.697982734079745,0.88639656859292
-0.697982734079745,0.88639656859292,-0.609684059954377,1.01658427001515
-0.609684059954377,1.01658427001515,-0.722417400689394,0.916695829875742
-0.722417400689394,0.916695829875742,-0.76213012672222,0.929464831905764
-0.76213012672222,0.929464831905764,-0.822292683106518,0.971845670340874
-0.822292683106518,0.971845670340874,-0.778478801878383,1.00204453187477
-0.778478801878383,1.00204453187477,-0.791422459575368,1.07772617208224
-0.791422459575368,1.07772617208224,-0.82774685828745,1.13249564840805
-0.82774685828745,1.13249564840805,-0.844632114350443,1.11797269922043
-1.8755718235927,-1.56753165642146,-1.93201745037304,-1.53039628446555
-1.93201745037304,-1.53039628446555,-2.05750409062932,-1.46266147389167
-2.05750409062932,-1.46266147389167,-2.13990752495841,-1.47614884686765
-2.13990752495841,-1.47614884686765,-2.31177330675252,-1.39150429285759
-2.31177330675252,-1.39150429285759,-2.30371849938531,-1.46108427276633
-2.52554317450799,-1.41464843110284,-2.48027654756082,-1.27313438166237
-2.48027654756082,-1.27313438166237,-2.65321694965657,-1.26732723236801
-2.65321694965657,-1.26732723236801,-2.66844440658139,-1.30618610224476
-2.82377862884533,-1.10022528945264,-2.8552968506063,-1.16765156907645
-3.04904300007602,-1.06264252837601,-3.16472010076456,-1.09205559970396
-3.16472010076456,-1.09205559970396,-3.17066806911408,-1.06158170300036
-3.17066806911408,-1.06158170300036,-3.28304840521818,-1.07665245716573
-3.28304840521818,-1.07665245716573,-3.3973910277043,-1.05190688016895
-3.3973910277043,-1.05190688016895,-3.49361900720235,-0.932104038546133
-3.49361900720235,-0.932104038546133,-3.59008435646899,-0.924411071875048
-3.59008435646899,-0.924411071875048,-3.70018992128157,-0.872496314322446
-3.70018992128157,-0.872496314322446,-3.76934619998162,-0.860932108447037
-0.795147627935653,0.723212790755947,-0.83681572874177,0.708814583139028
-0.83681572874177,0.708814583139028,-0.975703146015054,0.623473060402462
-0.975703146015054,0.623473060402462,-1.06427017128655,0.571309764685165
-1.06427017128655,0.571309764685165,-1.07658282721919,0.552584583541483
-1.07658282721919,0.552584583541483,-1.16875759357899,0.494353402380025
-1.16875759357899,0.494353402380025,-1.17191098669747,0.523999967783199
-0.859634510892144,-2.00689323564201,-0.956541142934768,-1.96342937365009
-0.956541142934768,-1.96342937365009,-1.01231114298178,-1.99308972131711
-1.01231114298178,-1.99308972131711,-0.908346704306049,-2.07122504155342
-0.908346704306049,-2.07122504155342,-0.977315052528674,-2.08199856666309
-0.977315052528674,-2.08199856666309,-0.960291539966199,-2.10552465502001
-0.960291539966199,-2.10552465502001,-0.9594392103037,-2.17475880998674
-0.9594392103037,-2.17475880998674,-0.985879474953259,-2.22153309033199
-0.985879474953259,-2.22153309033199,-1.04305361342834,-2.26450411224924
-1.04305361342834,-2.26450411224924,-1.0534401793422,-2.24291502121821
-1.0534401793422,-2.24291502121821,-1.15855865260404,-2.31891066486545
-1.15855865260404,-2.31891066486545,-1.26611678460476,-2.37654061071666
-1.26611678460476,-2.37654061071666,-1.19838258626788,-2.4802549541792
-1.19838258626788,-2.4802549541792,-1.28594034427254,-2.59898199072395
-1.28594034427254,-2.59898199072395,-1.3365982036515,-2.65745109437885
-1.3365982036515,-2.65745109437885,-1.39396828104874,-2.66961951375359
-1.39396828104874,-2.66961951375359,-1.44757089667194,-2.75939376400146
-1.44757089667194,-2.75939376400146,-1.47538641902103,-2.862001847864
-0.594417032655712,-2.24291302320428,-0.638171375212294,-2.29626344569731
-0.638171375212294,-2.29626344569731,-0.653285274574196,-2.27944514003198
-0.653285274574196,-2.27944514003198,-0.632140163406478,-2.39604058465314
-0.632140163406478,-2.39604058465314,-0.593397801591221,-2.4174200226242
-0.593397801591221,-2.4174200226242,-0.663290260117135,-2.4547543460559
-0.663290260117135,-2.4547543460559,-0.616325188169506,-2.54578677859382
-0.616325188169506,-2.54578677859382,-0.650398075574709,-2.62578304447244
2.50305719801802,-0.851268854840877,2.63064315607245,-0.948184635616435
2.63064315607245,-0.948184635616435,2.67970606787387,-0.968162149079207
2.67970606787387,-0.968162149079207,2.81064313971324,-1.10040643825931
2.89357146848516,-1.25831001442936,2.91191114354039,-1.25013363447893
2.99264584988911,-1.44799941131663,3.05818917342867,-1.58630411598388
3.05818917342867,-1.58630411598388,3.12637515782814,-1.66881364116775
3.12637515782814,-1.66881364116775,3.21427592149249,-1.78701326627654
3.21427592149249,-1.78701326627654,3.23954061062123,-1.83027049065611
3.23954061062123,-1.83027049065611,3.25866032790353,-1.94046600900964
1.95542837619993,0.0321611806975723,1.98107400974619,0.0247814525889913
1.98107400974619,0.0247814525889913,2.02954103419503,-0.0366919311786794
2.02954103419503,-0.0366919311786794,2.01537435282219,0.0536464529226567
2.01537435282219,0.0536464529226567,2.06337068169121,-0.043596689855251
2.06337068169121,-0.043596689855251,2.16257157572081,-0.140396694272467
2.16257157572081,-0.140396694272467,2.17949017250902,-0.182056720250749
2.17949017250902,-0.182056720250749,2.15811529873015,-0.125694847853378
2.15811529873015,-0.125694847853378,2.3224624771987,-0.242220804776742
0.0508199448841506,1.16634269706511,0.0520387760627994,1.19145873909348
0.0520387760627994,1.19145873909348,0.077448048479332,1.18991518343818
0.077448048479332,1.18991518343818,0.225513028003463,1.24491375886529
0.225513028003463,1.24491375886529,0.18613550431841,1.28028942273871
0.18613550431841,1.28028942273871,0.165124020589057,1.24561170821767
0.165124020589057,1.24561170821767,0.262656965013652,1.26696330079022
2.14540098936453,-0.750951947098299,2.10597983307732,-0.717722127752783
2.05731084078356,-0.785100237732661,2.01828329855527,-0.788190635580185
2.89523511819162,-2.44402047722154,2.92676294416387,-2.47388584591361
2.14540098936453,-0.750951947098299,2.16028748375346,-0.716114033666917
0.0508199448841506,1.16634269706511,0.0636705673649799,1.12921121450772
0.0636705673649799,1.12921121450772,0.0357874621134215,1.21021458725689
0.0357874621134215,1.21021458725689,-0.0580239715022908,1.21250992497513
-0.0580239715022908,1.21250992497513,-0.0311662912512815,1.28958661338765
-0.0311662912512815,1.28958661338765,0.0178158855259831,1.24900159072533
0.0178158855259831,1.24900159072533,-0.111307434012604,1.32078585064527
-0.111307434012604,1.32078585064527,-0.171271178204672,1.34673727214267
-0.171271178204672,1.34673727214267,-0.114053949839471,1.43901693296247
-0.114053949839471,1.43901693296247,-0.151162940149453,1.4325733381633
-0.151162940149453,1.4325733381633,-0.232731558403808,1.5790269386218
-0.232731558403808,1.5790269386218,-0.165488202837275,1.59214468148335
-0.165488202837275,1.59214468148335,-0.175484517774272,1.69116296883591
-0.175484517774272,1.69116296883591,-0.245615594596869,1.82107342578587
-1.17191098669747,0.523999967783199,-1.17425334894287,0.583201328768163
-1.17425334894287,0.583201328768163,-1.24320595944473,0.49118954083519
-1.24320595944473,0.49118954083519,-1.22144880423916,0.663883263283708
-1.22144880423916,0.663883263283708,-1.24003556633356,0.657293452053035
-1.24003556633356,0.657293452053035,-1.3149110063187,0.71845581623379
-1.3149110063187,0.71845581623379,-1.36566893290838,0.745765418271524
-1.36566893290838,0.745765418271524,-1.39964486334674,0.832967153323364
-1.39964486334674,0.832967153323364,-1.54444448170674,0.863336279350802
1.95542837619993,0.0321611806975723,1.88146718336863,0.136712855030336
1.88146718336863,0.136712855030336,1.88834004351372,0.195232817847337
1.88834004351372,0.195232817847337,1.87065268818383,0.257303113695125
1.87065268818383,0.257303113695125,1.82519901018078,0.327394471245885
1.82519901018078,0.327394471245885,1.76335098847623,0.415912648356922
-1.17191098669747,0.523999967783199,-1.28728333182427,0.4242578041345
-1.28728333182427,0.4242578041345,-1.34759343958531,0.40670690780605
-1.34759343958531,0.40670690780605,-1.38903225186296,0.515493808455315
-1.48518712309658,1.04872945469861,-1.52528876035034,1.07360256726536
-1.52528876035034,1.07360256726536,-1.57819448416036,1.12568712624224
-1.57819448416036,1.12568712624224,-1.65675240253706,1.19829463797002
-1.65675240253706,1.19829463797002,-1.67988562930313,1.31610609336791
-1.67988562930313,1.31610609336791,-1.79731094160476,1.43000099313822
-1.79731094160476,1.43000099313822,-1.73998355347441,1.4433194271487
-1.73998355347441,1.4433194271487,-1.8131300032608,1.52665198704909
-1.8131300032608,1.52665198704909,-1.87097728778072,1.64053827249406
-1.87097728778072,1.64053827249406,-1.95605238091767,1.77141651483941
-1.95605238091767,1.77141651483941,-1.94218074684816,1.79153713309748
-1.94218074684816,1.79153713309748,-2.07424869217103,1.82270781078053
-2.05737289799682,2.11101390993549,-2.24279110670211,2.07067824500469
-2.24279110670211,2.07067824500469,-2.11920371793831,2.1829318651027
-2.11920371793831,2.1829318651027,-2.1416725829831,2.2950871432356
-1.54444448170674,0.863336279350802,-1.61190313251441,0.887339614264079
-1.61190313251441,0.887339614264079,-1.69045523090386,0.932032429077068
-1.69045523090386,0.932032429077068,-1.8273347342956,0.975570173565159
-0.844632114350443,1.11797269922043,-0.939518097049032,1.17570870478168
-0.939518097049032,1.17570870478168,-0.873568500872509,1.28932632045101
-0.873568500872509,1.28932632045101,-0.92594172663424,1.36230888054787
-1.02259708377636,1.50652991974921,-1.01043804179351,1.59887264379967
-1.01043804179351,1.59887264379967,-1.09030517054845,1.65808247298622
-1.09030517054845,1.65808247298622,-1.12294470170006,1.71527409322607
-1.12294470170006,1.71527409322607,-1.13116570168603,1.79165767347726
-1.13116570168603,1.79165767347726,-1.16291427892354,1.86040792823752
-0.245615594596869,1.82107342578587,-0.314902445322496,1.88431992154928
-0.314902445322496,1.88431992154928,-0.380128080811875,1.98079667719584
-0.380128080811875,1.98079667719584,-0.386111376406938,2.07101261394822
-0.386111376406938,2.07101261394822,-0.440264980431388,2.11853683742707
-0.440264980431388,2.11853683742707,-0.483196925057793,2.27145915253341
-0.483196925057793,2.27145915253341,-0.587431919123732,2.25407195678265
-0.592144372583798,2.46735818488168,-0.704733713858568,2.51622493349347
-0.704733713858568,2.51622493349347,-0.75930671113844,2.62885729523388
-0.75930671113844,2.62885729523388,-0.739788618285193,2.68827910241343
-0.739788618285193,2.68827910241343,-0.774204119094766,2.77091898496916
-0.774204119094766,2.77091898496916,-0.835682846986719,2.83942759652569
-0.835682846986719,2.83942759652569,-0.876138168805623,2.92318655405
-0.876138168805623,2.92318655405,-1.01093941462092,3.04635675215297
-0.245615594596869,1.82107342578587,-0.174693088703762,1.97183305113373
-0.174693088703762,1.97183305113373,-0.187462216637703,2.01377119535007
-0.187462216637703,2.01377119535007,-0.144320140321334,2.20532839239961
-0.144320140321334,2.20532839239961,-0.131848420133487,2.22607975750121
-0.131848420133487,2.22607975750121,-0.203284629820206,2.3038964369371
-0.203284629820206,2.3038964369371,-0.149623946211141,2.4900984995522
-0.149623946211141,2.4900984995522,-0.117790000993347,2.52721960667835
0.262656965013652,1.26696330079022,0.210698690995114,1.33175266080846
0.210698690995114,1.33175266080846,0.260774940423088,1.40167688845153
1.76335098847623,0.415912648356922,1.74904155313633,0.45362406858542
1.74904155313633,0.45362406858542,1.73958465894495,0.451179377614928
1.73958465894495,0.451179377614928,1.669817323044,0.564408755088354
1.669817323044,0.564408755088354,1.64626746285216,0.631579661638401
1.64626746285216,0.631579661638401,1.64793576650763,0.62406490605591
1.64793576650763,0.62406490605591,1.66489256691414,0.635142493572491
1.66489256691414,0.635142493572491,1.65938501335575,0.655260859387792
1.65938501335575,0.655260859387792,1.66322572308984,0.638055226394066
1.66322572308984,0.638055226394066,1.66193540047183,0.718983889979773
1.66193540047183,0.718983889979773,1.61726021813151,0.800821050706577
1.61726021813151,0.800821050706577,1.62769364013589,0.816710954897723
1.72701030999983,0.828490244791132,1.69909721900273,0.82289522555964
2.77783685582715,3.68690284357755,2.77164562366421,3.79007620419359
2.77164562366421,3.79007620419359,2.64427475891121,3.85675371962239
2.64427475891121,3.85675371962239,2.4758560597348,3.93081929175881
2.4758560597348,3.93081929175881,2.55083850106027,3.98944617290892
2.55083850106027,3.98944617290892,2.4422067509748,4.02085561646483
2.4422067509748,4.02085561646483,2.32287732026448,4.03788038930207
2.32287732026448,4.03788038930207,2.43119372045487,4.02606064386869
1.76335098847623,0.415912648356922,1.79140856957657,0.37438365191221
1.79140856957657,0.37438365191221,1.77459594388561,0.393135815450466
1.77459594388561,0.393135815450466,1.79394986799132,0.359203734830957
1.79394986799132,0.359203734830957,1.80063461055577,0.403772113394979
1.80063461055577,0.403772113394979,1.81924735661493,0.488377512838488
1.81924735661493,0.488377512838488,1.84032460922534,0.457120608790658
1.84032460922534,0.457120608790658,1.81973046127167,0.493267520623667
1.85766989831623,0.582885853576491,1.86453805469608,0.626620337486927
3.95022078364407,2.65037569529895,3.99430390805999,2.62311629459108
3.99430390805999,2.62311629459108,3.99801669300351,2.65302630059694
3.99801669300351,2.65302630059694,4.08187825818418,2.63177444918806
4.08187825818418,2.63177444918806,4.13136723000575,2.63269506810422
4.13136723000575,2.63269506810422,4.22311353184516,2.60367625070782
4.22311353184516,2.60367625070782,4.24918539585231,2.58287316825273
4.24918539585231,2.58287316825273,4.31793728865887,2.56519393635743
4.31793728865887,2.56519393635743,4.32636348957172,2.59680469823269
2.49528177869468,-0.371408037677552,2.52070099084907,-0.412718228146554
2.52070099084907,-0.412718228146554,2.45578500382344,-0.302586498995007
2.49528177869468,-0.371408037677552,2.47986158080652,-0.339444155047159
2.89390329245923,-0.5771414741278,3.03872682124725,-0.610979750674253
3.34715760631839,-0.68098272270635,3.33189554693368,-0.689831550142576
3.85304316602314,-0.699820963264115,3.89031146150168,-0.640552679802717
3.89031146150168,-0.640552679802717,4.05131254046029,-0.663360752087182
4.05131254046029,-0.663360752087182,4.2090447503105,-0.594604362874934
4.2090447503105,-0.594604362874934,4.33735805131747,-0.625114744334734
2.56064168388434,-0.876429306740907,2.62508039196743,-0.89634043624961
2.62508039196743,-0.89634043624961,2.71006879954774,-0.960357272707772
2.84583708851671,-1.13802526109901,2.89299878654417,-1.16527048761796
2.89299878654417,-1.16527048761796,2.84783442641082,-1.12242450176384
3.013734165042,-1.336676687334,3.08056101179554,-1.34084466374176
2.56064168388434,-0.876429306740907,2.63126942181639,-0.909535951380693
2.63126942181639,-0.909535951380693,2.66917614832308,-0.913971528950356
2.66917614832308,-0.913971528950356,2.74103475560603,-0.965164851067052
2.74103475560603,-0.965164851067052,2.7882378614581,-1.01683832779304
2.7882378614581,-1.01683832779304,2.88062461909565,-1.06059496171878
2.88062461909565,-1.06059496171878,2.87382025200493,-1.06225991897206
2.87382025200493,-1.06225991897206,3.01033304393339,-1.08726092628229
3.01033304393339,-1.08726092628229,3.05945548970284,-1.06070961129195
3.05945548970284,-1.06070961129195,3.10039080190675,-1.10379567714154
3.10039080190675,-1.10379567714154,3.21866103473405,-1.17517373393206
3.21866103473405,-1.17517373393206,3.25990293684884,-1.05028687459428
3.25866032790353,-1.94046600900964,3.28156018730907,-2.1213440753052
3.28156018730907,-2.1213440753052,3.30221871956873,-2.16809918994973
3.32922975419404,-2.39745964994743,3.34147243211523,-2.3963485022147
3.34147243211523,-2.3963485022147,3.37075317676097,-2.55618458340592
3.37075317676097,-2.55618458340592,3.39747617162097,-2.61058826718883
3.39747617162097,-2.61058826718883,3.39685264102806,-2.79042969010758
3.39685264102806,-2.79042969010758,3.42801090088117,-2.81733703433625
3.25866032790353,-1.94046600900964,3.32428573824209,-2.09318389115379
3.32428573824209,-2.09318389115379,3.34771045690904,-2.03343233979425
3.34771045690904,-2.03343233979425,3.31433096070302,-2.06627182224661
3.31433096070302,-2.06627182224661,3.45552303236329,-2.13191843882182
3.45552303236329,-2.13191843882182,3.51715628532091,-2.12149107912292
3.51715628532091,-2.12149107912292,3.58187099348714,-2.1285088675548
2.95799914008685,-1.62671601876733,3.03238696426877,-1.73387140530239
3.1335689416304,-2.24575697742945,3.18319178533011,-2.43401215376957
3.18319178533011,-2.43401215376957,3.19973000615667,-2.54080535804759
2.90696244909147,-1.57096229242196,2.93207180635622,-1.62346408877769
3.16890225572632,-2.24268205076813,3.18213220947748,-2.3674741790138
3.18213220947748,-2.3674741790138,3.20421562860386,-2.3721894834128
-0.671399413267811,-2.17070650981831,-0.580722143492557,-2.21757372542787
-0.580722143492557,-2.21757372542787,-0.618155221405448,-2.26742293439147
-0.618155221405448,-2.26742293439147,-0.559843835538222,-2.32821608199062
-0.594417032655712,-2.24291302320428,-0.61551949562075,-2.28162454208035
-0.61551949562075,-2.28162454208035,-0.61221299128378,-2.27478657735403
-0.61221299128378,-2.27478657735403,-0.630252048887283,-2.30411899870127
-0.630252048887283,-2.30411899870127,-0.574483634393571,-2.38623326026633
-0.574483634393571,-2.38623326026633,-0.592352258051173,-2.5069392314923
-0.592352258051173,-2.5069392314923,-0.599437348666384,-2.49912490442765
-0.599437348666384,-2.49912490442765,-0.604661097779443,-2.57775764320029
-0.604661097779443,-2.57775764320029,-0.600005002172511,-2.64297265627663
-0.600005002172511,-2.64297265627663,-0.570603459779989,-2.80840534993581
-0.570603459779989,-2.80840534993581,-0.573472523539138,-2.92687405507839
-0.573472523539138,-2.92687405507839,-0.561944552517593,-3.04202358071554
-0.561944552517593,-3.04202358071554,-0.557669193152828,-3.0988803859014
-0.484880728314488,-3.36865692812789,-0.472438805896872,-3.40307912988947
-0.472438805896872,-3.40307912988947,-0.406917654302078,-3.52877275498735
-0.406917654302078,-3.52877275498735,-0.453785033954506,-3.60892884540591
-0.335482756492775,-3.83110078089744,-0.269657573479833,-3.95072679748854
-0.650398075574709,-2.62578304447244,-0.672649909153628,-2.6098360352446
-0.672649909153628,-2.6098360352446,-0.708551024057261,-2.80837584844106
-0.708551024057261,-2.80837584844106,-0.678544556932017,-2.85668864797051
-0.678544556932017,-2.85668864797051,-0.653611775503905,-2.87209267426773
-0.650398075574709,-2.62578304447244,-0.638561752974047,-2.67390575945893
-0.638561752974047,-2.67390575945893,-0.655200010764688,-2.7876888463147
-1.47538641902103,-2.862001847864,-1.50083545903252,-2.95908606217487
-1.65301018988897,-3.05569681262096,-1.78957297557549,-3.0166740490755
-1.78957297557549,-3.0166740490755,-1.86701878814474,-3.07046774229464
-1.86701878814474,-3.07046774229464,-1.92726808888304,-3.22939017393791
-1.92726808888304,-3.22939017393791,-2.07685016488174,-3.16569367587148
-2.07685016488174,-3.16569367587148,-2.21334131047141,-3.2546754064
-2.21334131047141,-3.2546754064,-2.22659453464944,-3.30958922220568
-1.47538641902103,-2.862001847864,-1.53886762662268,-2.97162455810396
-1.53886762662268,-2.97162455810396,-1.5090310554541,-3.06191555925939
-1.5090310554541,-3.06191555925939,-1.51532156684831,-3.17747055068674
-1.51532156684831,-3.17747055068674,-1.52399772419313,-3.2919890818635
-1.52399772419313,-3.2919890818635,-1.50226991005039,-3.31172827811155
-1.50226991005039,-3.31172827811155,-1.42385215916424,-3.4557736800652
-1.42385215916424,-3.4557736800652,-1.44911127877804,-3.57682557483382
-1.44911127877804,-3.57682557483382,-1.47065663446419,-3.73171640734459
-1.47065663446419,-3.73171640734459,-1.38981186732364,-3.78769199489728
-1.38981186732364,-3.78769199489728,-1.339523754616,-3.89738257977273
-1.339523754616,-3.89738257977273,-1.30755268492958,-3.96195638835403
-1.40102095564028,-4.16357250495002,-1.32545980703777,-4.21357720802461
-1.32545980703777,-4.21357720802461,-1.39015248738761,-4.31919998386791
-1.39015248738761,-4.31919998386791,-1.35190399159469,-4.3996792320932
-1.35190399159469,-4.3996792320932,-1.32715091586268,-4.52206640467475
-1.32715091586268,-4.52206640467475,-1.30963725719939,-4.6330007074603
-1.30963725719939,-4.6330007074603,-1.26185420923042,-4.71647956400343
-1.8755718235927,-1.56753165642146,-1.96802518617892,-1.65233189602004
-1.96802518617892,-1.65233189602004,-2.04660109238321,-1.66767683258761
-2.04660109238321,-1.66767683258761,-2.13427711108879,-1.76364903843683
-2.13427711108879,-1.76364903843683,-2.18341115456356,-1.78136253026581
-2.18341115456356,-1.78136253026581,-2.30431768477893,-1.7398239619377
-2.30431768477893,-1.7398239619377,-2.42684248884882,-1.81698141031323
-2.42684248884882,-1.81698141031323,-2.49493004023886,-1.96253863971512
-3.76934619998162,-0.860932108447037,-3.87545324833161,-0.820602282318571
-3.87545324833161,-0.820602282318571,-3.96532127785822,-0.709340214218919
-3.96532127785822,-0.709340214218919,-3.96763723922666,-0.710395902180177
-4.20032757637109,-0.549650615205341,-4.11524922561418,-0.487127095941703
-4.30153393101224,-0.410742222914603,-4.33408578518131,-0.495359455071833
-4.33408578518131,-0.495359455071833,-4.37401776017247,-0.384734196365263
-3.93736901314127,-0.892920165635665,-3.84626731720807,-1.02611972570658
-3.84626731720807,-1.02611972570658,-3.97446894233882,-0.998294021102724
-3.97446894233882,-0.998294021102724,-4.09615354700699,-1.03860029280248
-4.09615354700699,-1.03860029280248,-4.14313282245769,-1.12591102095066
-4.14313282245769,-1.12591102095066,-4.26235386776096,-1.20449661937911
-4.26235386776096,-1.20449661937911,-4.27302380746627,-1.27606087635367
-4.27302380746627,-1.27606087635367,-4.44542304678305,-1.35256974494921
-4.44542304678305,-1.35256974494921,-4.55017515809916,-1.35357877627778
-4.55017515809916,-1.35357877627778,-4.56438625929357,-1.37988099224641
-4.56438625929357,-1.37988099224641,-4.64460939230576,-1.48307833494724
-4.64460939230576,-1.48307833494724,-4.75953924595131,-1.51336725294428
-4.75953924595131,-1.51336725294428,-4.79048072065852,-1.66914162687436
-4.79048072065852,-1.66914162687436,-4.89418350827904,-1.727378106476
-0.257644537022799,0.930830548112933,-0.118054959337504,0.914335916503483
-0.118054959337504,0.914335916503483,-0.0989769241875249,0.919498859908582
-0.930858991378677,-1.96933024059724,-1.03393585440161,-1.84983595111742
-1.03393585440161,-1.84983595111742,-1.18072925778791,-1.76531097418137
-2.8552968506063,-1.16765156907645,-2.98149308236616,-1.10706396710686
-2.98149308236616,-1.10706396710686,-3.04904300007602,-1.06264252837601
2.16028748375346,-0.716114033666917,2.25046851987998,-0.801742660885161
2.63717780687354,-1.15687578617207,2.71932709945866,-1.27847954960575
2.71932709945866,-1.27847954960575,2.82439767719051,-1.33649480727545
-0.92594172663424,1.36230888054787,-0.963838578246517,1.42816112457315
-0.963838578246517,1.42816112457315,-1.02259708377636,1.50652991974921
3.03872682124725,-0.610979750674253,3.17974480467083,-0.65884124017381
3.17974480467083,-0.65884124017381,3.34715760631839,-0.68098272270635
2.84783442641082,-1.12242450176384,2.95952591307348,-1.20434505987516
2.95952591307348,-1.20434505987516,3.013734165042,-1.336676687334
3.0410910109309,-1.89018163930735,3.10273573289797,-2.02646736475511
-0.557669193152828,-3.0988803859014,-0.467606851581449,-3.27892885655743
-0.467606851581449,-3.27892885655743,-0.484880728314488,-3.36865692812789
-0.453785033954506,-3.60892884540591,-0.402119591003867,-3.76281758447022
-0.402119591003867,-3.76281758447022,-0.335482756492775,-3.83110078089744
-3.96763723922666,-0.710395902180177,-4.05941003550692,-0.683874963859956
-4.05941003550692,-0.683874963859956,-4.20032757637109,-0.549650615205341
-0.333263004150842,-1.95494505282107,-0.439260469993197,-2.01000886965053
1.87938399171117,-0.627589896126372,1.89301904960107,-0.562251410293514
1.89301904960107,-0.562251410293514,1.94915865093214,-0.506061350875204
-2.30371849938531,-1.46108427276633,-2.43989135959878,-1.43769335105008
-2.43989135959878,-1.43769335105008,-2.52554317450799,-1.41464843110284
2.91191114354039,-1.25013363447893,2.96559750003559,-1.35315679677618
2.96559750003559,-1.35315679677618,2.99264584988911,-1.44799941131663
2.84321344686383,3.63736832977471,2.77783685582715,3.68690284357755
1.86453805469608,0.626620337486927,1.93472926396092,0.712134529592304
1.93472926396092,0.712134529592304,1.96839136348011,0.846464966606573
3.74178871417926,2.61251045856904,3.78189915180002,2.64821076346962
3.00548186636916,-2.84506570655385,3.06098503060957,-2.89767659210075
-1.50083545903252,-2.95908606217487,-1.6903141592307,-2.99908145950342
-1.6903141592307,-2.99908145950342,-1.65301018988897,-3.05569681262096
-2.66844440658139,-1.30618610224476,-2.75825849133297,-1.17863382662996
-2.75825849133297,-1.17863382662996,-2.82377862884533,-1.10022528945264
2.19530761143606,-0.955194029705277,2.23630269361034,-0.963144649510639
2.23630269361034,-0.963144649510639,2.15415030941554,-0.977398447657865
3.78189915180002,2.64821076346962,3.8649025523983,2.63272943163026
3.8649025523983,2.63272943163026,3.95022078364407,2.65037569529895
2.47986158080652,-0.339444155047159,2.55102403190117,-0.395685560707741
2.55102403190117,-0.395685560707741,2.69815679134127,-0.490044248810408
3.33189554693368,-0.689831550142576,3.43370118805091,-0.669538583627504
3.43370118805091,-0.669538583627504,3.60385243924614,-0.677519034525562
3.10273573289797,-2.02646736475511,3.14369886855304,-2.07803777318052
3.14369886855304,-2.07803777318052,3.16890225572632,-2.24268205076813
3.07049614503694,-3.1114690780854,3.06565908696039,-3.27252765273399
2.93207180635622,-1.62346408877769,2.99676030337194,-1.76208434090591
2.99676030337194,-1.76208434090591,3.0410910109309,-1.89018163930735
2.52812027493826,-3.64799227532054,2.53097198872655,-3.79402622895817
1.70028751519683,-0.71245896622349,1.77134074954799,-0.630355778183177
1.77134074954799,-0.630355778183177,1.87938399171117,-0.627589896126372
2.10597983307732,-0.717722127752783,2.09512317814225,-0.776081114958207
2.09512317814225,-0.776081114958207,2.05731084078356,-0.785100237732661
1.87178378219908,-0.988710376821446,2.01091941920055,-1.01340878421002
2.01091941920055,-1.01340878421002,2.01740480484752,-1.14273214498127
2.45563874486432,-0.947955493257492,2.51718092511529,-1.03351440710464
2.51718092511529,-1.03351440710464,2.63717780687354,-1.15687578617207
1.62769364013589,0.816710954897723,1.65476343718388,0.806729530371994
1.65476343718388,0.806729530371994,1.72701030999983,0.828490244791132
3.14913318865568,3.02388312003611,3.09473483942906,3.17702035402316
3.09473483942906,3.17702035402316,3.02352924644915,3.32246247433704
3.02352924644915,3.32246247433704,3.06675199290082,3.39625231618769
3.06675199290082,3.39625231618769,3.0662217047778,3.40998269360234
1.81973046127167,0.493267520623667,1.79248438045669,0.558470196689803
1.79248438045669,0.558470196689803,1.85766989831623,0.582885853576491
3.60385243924614,-0.677519034525562,3.72089411478102,-0.715706284386168
3.72089411478102,-0.715706284386168,3.85304316602314,-0.699820963264115
3.09447413606625,-2.01338935357729,3.11646735247724,-2.1189594273157
3.11646735247724,-2.1189594273157,3.1335689416304,-2.24575697742945
3.06565908696039,-3.27252765273399,3.07871621311286,-3.32333049060737
3.07871621311286,-3.32333049060737,3.05423754728819,-3.45348563243796
2.50929724879048,-4.14064152373036,2.67015324052651,-4.07120256489942
-0.36140532459166,0.769135120852508,-0.324688575365504,0.74816321461174
-0.324688575365504,0.74816321461174,-0.237469030144461,0.70483203376462
-0.237469030144461,0.70483203376462,-0.0950367469149985,0.695980240585109
-0.0950367469149985,0.695980240585109,0.0874283632800232,0.640018357162176
2.79286069150931,-1.87020293518548,2.85587649188989,-2.01799370489333
2.89569772337767,-2.95935038101066,2.84081016548492,-3.01514810792225
-0.0599872894158788,-1.82595812351083,-0.215315680650044,-1.87791522401266
-0.215315680650044,-1.87791522401266,-0.333263004150842,-1.95494505282107
2.98011438782071,-2.67604906024197,3.00548186636916,-2.84506570655385
-0.0989769241875249,0.919498859908582,-0.212509876018,0.812117144729319
-0.212509876018,0.812117144729319,-0.36140532459166,0.769135120852508
-0.592962518848947,0.859432827214203,-0.698168274446641,0.758543866723304
-0.698168274446641,0.758543866723304,-0.795147627935653,0.723212790755947
2.3224624771987,-0.242220804776742,2.39861395098868,-0.326653716318442
2.39861395098868,-0.326653716318442,2.49528177869468,-0.371408037677552
-2.07424869217103,1.82270781078053,-2.07322454309702,1.97543810858766
-2.07322454309702,1.97543810858766,-2.05737289799682,2.11101390993549
2.71006879954774,-0.960357272707772,2.75297489367988,-1.05468173510166
2.75297489367988,-1.05468173510166,2.84583708851671,-1.13802526109901
2.82439767719051,-1.33649480727545,2.87485493190328,-1.4894962645214
2.87485493190328,-1.4894962645214,2.95799914008685,-1.62671601876733
3.0680001641105,-1.95933973416069,3.09447413606625,-2.01338935357729
1.90310576930717,1.00786231761512,2.01880503700195,1.1081582641763
2.01880503700195,1.1081582641763,2.16432619622341,1.16360071785353
0.243882503334902,-1.26752600071479,0.260113323216851,-1.42365410190856
1.517540333639,-0.775056902905316,1.62526064728236,-0.718168268855907
2.95547889850075,-2.25221092647883,2.91162197977761,-2.40511238486978
2.91162197977761,-2.40511238486978,2.89523511819162,-2.44402047722154
3.0662217047778,3.40998269360234,2.99681911331731,3.54515102936453
2.99681911331731,3.54515102936453,2.84321344686383,3.63736832977471
3.62182251097358,2.54404465198939,3.68781709051231,2.59464535563402
3.68781709051231,2.59464535563402,3.74178871417926,2.61251045856904
0.0874283632800232,0.640018357162176,0.0234558169642823,0.498076671696216
0.0234558169642823,0.498076671696216,0.0284991628790384,0.299429664108129
2.15415030941554,-0.977398447657865,2.04489172049641,-0.937523974984483
2.3932713229052,-1.37294228848943,2.51989466908609,-1.51237635726768
2.51989466908609,-1.51237635726768,2.67319204903538,-1.67021049948326
1.69909721900273,0.82289522555964,1.67568980698644,0.867858313426803
1.67568980698644,0.867858313426803,1.74015316318556,0.887505969923137
0.214025978920552,-1.6648784616215,0.058333895235171,-1.72955730971783
0.058333895235171,-1.72955730971783,-0.0599872894158788,-1.82595812351083
-0.587431919123732,2.25407195678265,-0.579206397349798,2.39840359827966
-0.579206397349798,2.39840359827966,-0.592144372583798,2.46735818488168
1.96839136348011,0.846464966606573,2.04047002221573,0.908752894265741
2.04047002221573,0.908752894265741,2.11558182607451,1.00381338049043
2.25046851987998,-0.801742660885161,2.32564275643046,-0.872612315708447
2.32564275643046,-0.872612315708447,2.45563874486432,-0.947955493257492
2.85587649188989,-2.01799370489333,2.89077109889776,-2.18301741458853
2.89077109889776,-2.18301741458853,2.95547889850075,-2.25221092647883
2.01828329855527,-0.788190635580185,2.12104463320059,-0.861131295300026
2.12104463320059,-0.861131295300026,2.19530761143606,-0.955194029705277
3.28229681147729,2.21011773640309,3.42281859577953,2.35481945863033
3.42281859577953,2.35481945863033,3.5396370108205,2.43680992447566
1.74015316318556,0.887505969923137,1.81820559633473,0.942112552786818
1.81820559633473,0.942112552786818,1.90310576930717,1.00786231761512
1.37897505857638,-0.833960736746745,1.54211420053974,-0.758913679540157
2.19196566748469,-4.28278896455785,2.32360182448293,-4.21069313216799
2.32360182448293,-4.21069313216799,2.50929724879048,-4.14064152373036
2.84081016548492,-3.01514810792225,2.71352626369504,-3.15595804139313
3.24208402286055,2.16312904602047,3.28229681147729,2.21011773640309
1.54211420053974,-0.758913679540157,1.40542811058079,-0.855396942523486
2.81064313971324,-1.10040643825931,2.82352543743802,-1.16959811738404
2.82352543743802,-1.16959811738404,2.89357146848516,-1.25831001442936
2.82439767719051,-1.33649480727545,2.85481241135188,-1.47224093246583
2.85481241135188,-1.47224093246583,2.90696244909147,-1.57096229242196
0.0284991628790384,0.299429664108129,-0.000886534486449066,0.199243345761669
2.6204221338381,-3.33546668897389,2.60430341501302,-3.48547536748042
2.60430341501302,-3.48547536748042,2.52812027493826,-3.64799227532054
0.846370398535197,-1.12014296589091,0.990152159590557,-1.06250156321897
2.67319204903538,-1.67021049948326,2.76320924966164,-1.77767234646804
2.76320924966164,-1.77767234646804,2.79286069150931,-1.87020293518548
2.41258576641949,-4.02309550761864,2.35701014678403,-4.13512306568559
2.93336069561353,2.11051077591872,3.07195651897389,2.27003729331448
2.11558182607451,1.00381338049043,2.20168844673307,1.10928091768873
2.20168844673307,1.10928091768873,2.30901807132263,1.17928535663167
3.18830165507709,2.64540108517517,3.22200690744313,2.73003368554907
3.22200690744313,2.73003368554907,3.25899643146918,2.82029645501121
2.04489172049641,-0.937523974984483,1.97781852627179,-0.943306549206063
1.97781852627179,-0.943306549206063,1.87178378219908,-0.988710376821446
2.69387004649287,1.81697548670043,2.81154915872022,1.95986446380828
2.01740480484752,-1.14273214498127,2.122286115172,-1.19237280760923
2.122286115172,-1.19237280760923,2.27231161204113,-1.21579237488272
-1.13312588940144,-1.84715168138759,-1.20037716212419,-1.74145846345879
-1.20037716212419,-1.74145846345879,-1.24425670694873,-1.68269856459197
-1.54444448170674,0.863336279350802,-1.51180107297076,0.953571405907069
-1.51180107297076,0.953571405907069,-1.48518712309658,1.04872945469861
3.30221871956873,-2.16809918994973,3.32358470306186,-2.26656216934052
3.32358470306186,-2.26656216934052,3.32922975419404,-2.39745964994743
3.5396370108205,2.43680992447566,3.56041965650192,2.5150050607538
3.56041965650192,2.5150050607538,3.62182251097358,2.54404465198939
2.92676294416387,-2.47388584591361,2.94667166729506,-2.65764552266323
2.94667166729506,-2.65764552266323,2.92555858610646,-2.74351619882747
3.16105277932704,2.45812855304702,3.17148692700076,2.54488004821241
3.17148692700076,2.54488004821241,3.18830165507709,2.64540108517517
0.0254692360304154,-0.0717353950865254,0.0808143720060446,-0.253350940328691
0.0808143720060446,-0.253350940328691,0.062914017113639,-0.439669656806838
0.086873360944941,-0.996762549816005,0.168076309869856,-1.14364324733415
0.168076309869856,-1.14364324733415,0.243882503334902,-1.26752600071479
1.30976695532073,-0.948045483997065,1.42142905975632,-0.856990531426047
1.42142905975632,-0.856990531426047,1.517540333639,-0.775056902905316
0.796470093162095,-1.27123022824318,0.656092524642079,-1.33744755771172
0.462727824996879,-1.45945477874998,0.324872399260192,-1.5875846516943
0.324872399260192,-1.5875846516943,0.214025978920552,-1.6648784616215
0.419059852199458,-1.5093955320534,0.583289800856084,-1.42557543395841
0.747452141435962,-1.31219281536119,0.90896904858508,-1.22081014926023
0.90896904858508,-1.22081014926023,1.08608951091533,-1.10174283796242
1.08608951091533,-1.10174283796242,1.19321506717624,-1.01705570623188
1.19321506717624,-1.01705570623188,1.30976695532073,-0.948045483997065
2.97554914315405,1.95554326115045,3.11377695086099,2.0434666635582
3.11377695086099,2.0434666635582,3.24208402286055,2.16312904602047
2.69815679134127,-0.490044248810408,2.7981084717719,-0.53336511882114
2.7981084717719,-0.53336511882114,2.89390329245923,-0.5771414741278
-4.11524922561418,-0.487127095941703,-4.21006885126756,-0.466251054229555
-4.21006885126756,-0.466251054229555,-4.30153393101224,-0.410742222914603
-3.76934619998162,-0.860932108447037,-3.84454331767647,-0.884070194299575
-3.84454331767647,-0.884070194299575,-3.93736901314127,-0.892920165635665
2.16432619622341,1.16360071785353,2.22854605747941,1.2935760274616
2.22854605747941,1.2935760274616,2.29430170380285,1.42981251833
2.35701014678403,-4.13512306568559,2.28552150297149,-4.22514951265309
2.28552150297149,-4.22514951265309,2.19196566748469,-4.28278896455785
2.92676294416387,-2.47388584591361,2.96282846669958,-2.60759286234639
2.96282846669958,-2.60759286234639,2.98011438782071,-2.67604906024197
3.03238696426877,-1.73387140530239,3.05427514151697,-1.83159378589836
3.05427514151697,-1.83159378589836,3.0680001641105,-1.95933973416069
3.25899643146918,2.82029645501121,3.19808632897369,2.94080212181415
3.19808632897369,2.94080212181415,3.14913318865568,3.02388312003611
2.27231161204113,-1.21579237488272,2.33776500143309,-1.31450369792419
2.33776500143309,-1.31450369792419,2.3932713229052,-1.37294228848943
2.71352626369504,-3.15595804139313,2.66540428433147,-3.23482152213696
2.66540428433147,-3.23482152213696,2.6204221338381,-3.33546668897389
0.214025978920552,-1.6648784616215,0.284367102152193,-1.60554852805808
0.284367102152193,-1.60554852805808,0.419059852199458,-1.5093955320534
-0.000886534486449066,0.199243345761669,-0.00929689281134854,0.0562282924642303
-0.00929689281134854,0.0562282924642303,0.0254692360304154,-0.0717353950865254
2.53097198872655,-3.79402622895817,2.49236772819739,-3.90480204800805
2.49236772819739,-3.90480204800805,2.41258576641949,-4.02309550761864
2.79117579054328,1.72966533092501,2.88704607506611,1.85993008526924
2.88704607506611,1.85993008526924,2.97554914315405,1.95554326115045
0.062914017113639,-0.439669656806838,0.00533620733055614,-0.615828502828331
0.00533620733055614,-0.615828502828331,0.00672823631069891,-0.741806675331945
1.23429441562797,-0.992237052217521,1.13384447004547,-1.0646346136636
1.13384447004547,-1.0646346136636,1.00584558445154,-1.12428067590265
2.47288697026226,1.58121330807932,2.6015739765195,1.72090554144908
2.6015739765195,1.72090554144908,2.69387004649287,1.81697548670043
-0.601745999207223,0.853851134758874,-0.49585262144456,0.923312507329233
-0.49585262144456,0.923312507329233,-0.401627873391312,0.934927697567609
-1.30755268492958,-3.96195638835403,-1.34868546036799,-4.06467875236474
-1.34868546036799,-4.06467875236474,-1.40102095564028,-4.16357250495002
3.06098503060957,-2.89767659210075,3.07218478705668,-3.01664073867132
3.07218478705668,-3.01664073867132,3.07049614503694,-3.1114690780854
0.990152159590557,-1.06250156321897,1.09949081401526,-1.00971317329222
1.09949081401526,-1.00971317329222,1.20105455949559,-0.971052152463073
2.92555858610646,-2.74351619882747,2.92667248750862,-2.84081340110564
2.92667248750862,-2.84081340110564,2.89569772337767,-2.95935038101066
1.20105455949559,-0.971052152463073,1.28409482051262,-0.901202447995459
1.28409482051262,-0.901202447995459,1.37897505857638,-0.833960736746745
2.30901807132263,1.17928535663167,2.39307672643721,1.2630403717574
2.39307672643721,1.2630403717574,2.43147634725201,1.33599200608154
2.43147634725201,1.33599200608154,2.52145843770881,1.45006368679124
2.52145843770881,1.45006368679124,2.62138266811638,1.55954626389822
1.40542811058079,-0.855396942523486,1.3068411441892,-0.900977981119578
1.3068411441892,-0.900977981119578,1.23429441562797,-0.992237052217521
0.653246581790842,-1.23094667021676,0.732083361558593,-1.17211463048166
0.732083361558593,-1.17211463048166,0.846370398535197,-1.12014296589091
3.07195651897389,2.27003729331448,3.10250623536128,2.3474882308125
3.10250623536128,2.3474882308125,3.16105277932704,2.45812855304702
2.62138266811638,1.55954626389822,2.70741492262995,1.63262349046166
2.70741492262995,1.63262349046166,2.79117579054328,1.72966533092501
0.00672823631069891,-0.741806675331945,0.0544934688349559,-0.879242117319615
0.0544934688349559,-0.879242117319615,0.086873360944941,-0.996762549816005
1.00584558445154,-1.12428067590265,0.909348944373138,-1.18653243794735
0.909348944373138,-1.18653243794735,0.796470093162095,-1.27123022824318
2.29430170380285,1.42981251833,2.39426877734831,1.48737424201886
2.39426877734831,1.48737424201886,2.47288697026226,1.58121330807932
2.81154915872022,1.95986446380828,2.89160433919451,2.03412407135923
2.89160433919451,2.03412407135923,2.93336069561353,2.11051077591872
0.260113323216851,-1.42365410190856,0.339116547345935,-1.34869216250267
0.339116547345935,-1.34869216250267,0.4390558118052,-1.29192411899205
0.4390558118052,-1.29192411899205,0.536190055809349,-1.25523534522011
0.536190055809349,-1.25523534522011,0.653246581790842,-1.23094667021676
0.656092524642079,-1.33744755771172,0.563406864552298,-1.41733141317435
0.563406864552298,-1.41733141317435,0.462727824996879,-1.45945477874998
0.583289800856084,-1.42557543395841,0.668088972658761,-1.3733204826607
0.668088972658761,-1.3733204826607,0.747452141435962,-1.31219281536119
