0.942767360256004
0.861969364118347
0.83720768683899
1.29547713785246
0.809384998701482
1.57453757611712
0.928130567134948
1.38558908772765
0.897426392951286
2.03340314161608
2.37763372377812
3.1623403651624
2.48326610477482
2.60872080288395
1.70120448856664
2.83907916535878
2.05695790535817
3.16461516055629
3.77058391662313
3.97181048016662
3.84681403931655
4.49863764400243
4.37284461071045
5.01688696633267
5.0793094094666
4.86604093509134
5.12573623958186
5.40964023356874
5.82121380243643
6.23959121113516
