1.00784332061971
1.54135223700863
1.93478365682853
1.04496634260846
1.57701448363596
1.8843116844559
2.17477901221253
2.11792215435445
3.80257122940244
3.87451255732148
3.92672876390092
3.8865172754693
4.06493425141525
3.65338242828227
3.8776230024207
3.77076820862632
4.36789823845538
4.85461882112486
5.05058066488593
4.71451995535636
4.521743484231
3.43656591755126
5.80290589554222
4.60715049802781
4.13287443664669
6.31934426258655
3.11478908118466
7.33423874297721
3.98957954524525
7.78827170470418
