1.09191750289266,0,0,0.486347031256246,0.486347031256246,1.00304818473668,0.486347031256246,0.486347031256246,0.527568886152684,0.527568886152684,0.527568886152684,0.527568886152684,0.527568886152684,0.527568886152684,0.527568886152684,0.527568886152684,0.527568886152684,0.527568886152684,0.527568886152685,0.527568886152684,0.527568886152684,0.527568886152685,0.527568886152683,0.527568886152684,0.527568886152685,0.527568886152683,0.527568886152683,0.527568886152684,0.527568886152683,0.527568886152685
0,1.72739211108491,1.23166898711924,0,0,0,0,0,0,0,0,0,0,0,0,0,0,0,0,0,0,0,0,0,0,0,0,0,0,0
0,1.23166898711924,2.44694230971447,0,0,0,0,0,0,0,0,0,0,0,0,0,0,0,0,0,0,0,0,0,0,0,0,0,0,0
0.486347031256246,0,0,2.2811721592264,1.24212387544911,0.486347031256246,1.24212387544911,2.12892122167628,0.486347031256247,0.486347031256246,0.486347031256247,0.486347031256247,0.486347031256247,0.486347031256246,0.486347031256246,0.486347031256246,0.486347031256247,0.486347031256247,0.486347031256247,0.486347031256247,0.486347031256246,0.486347031256247,0.486347031256245,0.486347031256246,0.486347031256247,0.486347031256245,0.486347031256246,0.486347031256247,0.486347031256246,0.486347031256247
0.486347031256246,0,0,1.24212387544911,2.69627274596894,0.486347031256247,2.63598376906436,1.2421238754491,0.486347031256247,0.486347031256247,0.486347031256246,0.486347031256246,0.486347031256246,0.486347031256247,0.486347031256247,0.486347031256247,0.486347031256246,0.486347031256247,0.486347031256247,0.486347031256247,0.486347031256246,0.486347031256247,0.486347031256245,0.486347031256246,0.486347031256247,0.486347031256245,0.486347031256246,0.486347031256247,0.486347031256246,0.486347031256247
1.00304818473668,0,0,0.486347031256246,0.486347031256247,2.68046803150964,0.486347031256246,0.486347031256246,0.527568886152684,0.527568886152684,0.527568886152683,0.527568886152683,0.527568886152683,0.527568886152684,0.527568886152684,0.527568886152684,0.527568886152683,0.527568886152684,0.527568886152684,0.527568886152684,0.527568886152684,0.527568886152685,0.527568886152683,0.527568886152683,0.527568886152684,0.527568886152682,0.527568886152682,0.527568886152684,0.527568886152683,0.527568886152685
0.486347031256246,0,0,1.24212387544911,2.63598376906436,0.486347031256246,3.65776751736645,1.2421238754491,0.486347031256246,0.486347031256247,0.486347031256246,0.486347031256246,0.486347031256246,0.486347031256247,0.486347031256247,0.486347031256247,0.486347031256246,0.486347031256246,0.486347031256247,0.486347031256246,0.486347031256246,0.486347031256247,0.486347031256245,0.486347031256246,0.486347031256247,0.486347031256245,0.486347031256246,0.486347031256247,0.486347031256246,0.486347031256247
0.486347031256246,0,0,2.12892122167628,1.2421238754491,0.486347031256246,1.2421238754491,3.95978071723121,0.486347031256246,0.486347031256246,0.486347031256247,0.486347031256247,0.486347031256247,0.486347031256246,0.486347031256246,0.486347031256246,0.486347031256247,0.486347031256246,0.486347031256248,0.486347031256246,0.486347031256246,0.486347031256246,0.486347031256244,0.486347031256246,0.486347031256248,0.486347031256246,0.486347031256246,0.486347031256246,0.486347031256246,0.486347031256246
0.527568886152684,0,0,0.486347031256247,0.486347031256247,0.527568886152684,0.486347031256246,0.486347031256246,6.48030191904442,5.94688558228567,4.72464530487314,4.72464530487314,5.94688558228567,4.72464530487314,4.72464530487314,4.72464530487314,4.72464530487314,4.72464530487314,2.6109390631409,5.8817240254011,2.6109390631409,4.72464530487314,2.6109390631409,5.8817240254011,2.6109390631409,2.6109390631409,4.72464530487313,5.8817240254011,4.72464530487313,5.8817240254011
0.527568886152684,0,0,0.486347031256246,0.486347031256247,0.527568886152684,0.486347031256247,0.486347031256246,5.94688558228567,6.48792316668781,4.72464530487313,4.72464530487313,6.36295501773828,4.72464530487314,4.72464530487314,4.72464530487314,4.72464530487313,4.72464530487314,2.6109390631409,5.8817240254011,2.6109390631409,4.72464530487313,2.6109390631409,5.8817240254011,2.6109390631409,2.6109390631409,4.72464530487313,5.8817240254011,4.72464530487313,5.8817240254011
0.527568886152684,0,0,0.486347031256247,0.486347031256246,0.527568886152683,0.486347031256246,0.486347031256247,4.72464530487314,4.72464530487313,6.65128900361691,5.56984879412418,4.72464530487313,5.56984879412418,5.56984879412418,5.56984879412419,6.33764821239728,5.56984879412418,2.6109390631409,4.72464530487314,2.6109390631409,5.56984879412418,2.6109390631409,4.72464530487313,2.6109390631409,2.6109390631409,5.56984879412418,4.72464530487314,5.56984879412418,4.72464530487313
0.527568886152684,0,0,0.486347031256247,0.486347031256246,0.527568886152683,0.486347031256246,0.486347031256247,4.72464530487314,4.72464530487313,5.56984879412418,6.85279543050394,4.72464530487313,6.07556286947746,6.22764054460122,6.22764054460122,5.56984879412418,6.28315246740666,2.6109390631409,4.72464530487314,2.6109390631409,6.07556286947746,2.6109390631409,4.72464530487313,2.6109390631409,2.6109390631409,6.07556286947746,4.72464530487314,6.07556286947745,4.72464530487314
0.527568886152684,0,0,0.486347031256247,0.486347031256246,0.527568886152683,0.486347031256246,0.486347031256247,5.94688558228567,6.36295501773828,4.72464530487313,4.72464530487313,7.11845567171988,4.72464530487313,4.72464530487313,4.72464530487314,4.72464530487313,4.72464530487313,2.6109390631409,5.8817240254011,2.6109390631409,4.72464530487313,2.6109390631409,5.8817240254011,2.6109390631409,2.6109390631409,4.72464530487313,5.8817240254011,4.72464530487313,5.8817240254011
0.527568886152684,0,0,0.486347031256246,0.486347031256247,0.527568886152684,0.486347031256247,0.486347031256246,4.72464530487314,4.72464530487314,5.56984879412418,6.07556286947746,4.72464530487313,7.76183811078394,6.07556286947746,6.07556286947746,5.56984879412418,6.07556286947746,2.6109390631409,4.72464530487314,2.6109390631409,7.1940222272084,2.6109390631409,4.72464530487313,2.6109390631409,2.6109390631409,7.01017263683987,4.72464530487314,7.01017263683987,4.72464530487314
0.527568886152684,0,0,0.486347031256246,0.486347031256247,0.527568886152684,0.486347031256247,0.486347031256246,4.72464530487314,4.72464530487314,5.56984879412418,6.22764054460122,4.72464530487313,6.07556286947746,7.63918102709273,6.79939605278379,5.56984879412418,6.22764054460122,2.6109390631409,4.72464530487314,2.6109390631409,6.07556286947746,2.6109390631409,4.72464530487313,2.6109390631409,2.6109390631409,6.07556286947746,4.72464530487314,6.07556286947746,4.72464530487314
0.527568886152684,0,0,0.486347031256246,0.486347031256247,0.527568886152684,0.486347031256247,0.486347031256246,4.72464530487314,4.72464530487314,5.56984879412419,6.22764054460122,4.72464530487314,6.07556286947746,6.79939605278379,7.9056884331471,5.56984879412419,6.22764054460122,2.6109390631409,4.72464530487314,2.6109390631409,6.07556286947746,2.6109390631409,4.72464530487313,2.6109390631409,2.6109390631409,6.07556286947746,4.72464530487314,6.07556286947746,4.72464530487314
0.527568886152684,0,0,0.486347031256247,0.486347031256246,0.527568886152683,0.486347031256246,0.486347031256247,4.72464530487314,4.72464530487313,6.33764821239728,5.56984879412418,4.72464530487313,5.56984879412418,5.56984879412418,5.56984879412419,7.14758108692894,5.56984879412418,2.6109390631409,4.72464530487314,2.6109390631409,5.56984879412419,2.6109390631409,4.72464530487313,2.6109390631409,2.6109390631409,5.56984879412418,4.72464530487314,5.56984879412418,4.72464530487314
0.527568886152684,0,0,0.486347031256247,0.486347031256247,0.527568886152684,0.486347031256246,0.486347031256246,4.72464530487314,4.72464530487314,5.56984879412418,6.28315246740666,4.72464530487313,6.07556286947746,6.22764054460122,6.22764054460122,5.56984879412418,8.0546083933118,2.6109390631409,4.72464530487314,2.6109390631409,6.07556286947746,2.6109390631409,4.72464530487313,2.6109390631409,2.6109390631409,6.07556286947745,4.72464530487314,6.07556286947746,4.72464530487313
0.527568886152685,0,0,0.486347031256247,0.486347031256247,0.527568886152684,0.486347031256247,0.486347031256248,2.6109390631409,2.6109390631409,2.6109390631409,2.6109390631409,2.6109390631409,2.6109390631409,2.6109390631409,2.6109390631409,2.6109390631409,2.6109390631409,8.48714631426046,2.6109390631409,5.77507878051304,2.6109390631409,7.53406541956426,2.6109390631409,5.77507878051304,7.53406541956425,2.6109390631409,2.6109390631409,2.6109390631409,2.6109390631409
0.527568886152684,0,0,0.486347031256247,0.486347031256247,0.527568886152684,0.486347031256246,0.486347031256246,5.8817240254011,5.8817240254011,4.72464530487314,4.72464530487314,5.8817240254011,4.72464530487314,4.72464530487314,4.72464530487314,4.72464530487314,4.72464530487314,2.6109390631409,7.97517718730509,2.6109390631409,4.72464530487314,2.6109390631409,7.57537887159804,2.6109390631409,2.6109390631409,4.72464530487314,7.73775241090429,4.72464530487313,7.57537887159804
0.527568886152684,0,0,0.486347031256246,0.486347031256246,0.527568886152684,0.486347031256246,0.486347031256246,2.6109390631409,2.6109390631409,2.6109390631409,2.6109390631409,2.6109390631409,2.6109390631409,2.6109390631409,2.6109390631409,2.6109390631409,2.6109390631409,5.77507878051304,2.6109390631409,8.88784914283598,2.6109390631409,5.77507878051304,2.6109390631409,7.79060281341268,5.77507878051304,2.6109390631409,2.6109390631409,2.6109390631409,2.6109390631409
0.527568886152685,0,0,0.486347031256247,0.486347031256247,0.527568886152685,0.486347031256247,0.486347031256246,4.72464530487314,4.72464530487313,5.56984879412418,6.07556286947746,4.72464530487313,7.1940222272084,6.07556286947746,6.07556286947746,5.56984879412419,6.07556286947746,2.6109390631409,4.72464530487314,2.6109390631409,9.5866210657778,2.6109390631409,4.72464530487313,2.6109390631409,2.6109390631409,7.01017263683987,4.72464530487314,7.01017263683987,4.72464530487313
0.527568886152683,0,0,0.486347031256245,0.486347031256245,0.527568886152683,0.486347031256245,0.486347031256244,2.6109390631409,2.6109390631409,2.6109390631409,2.6109390631409,2.6109390631409,2.6109390631409,2.6109390631409,2.6109390631409,2.6109390631409,2.6109390631409,7.53406541956426,2.6109390631409,5.77507878051304,2.6109390631409,9.30201470110092,2.6109390631409,5.77507878051305,8.54305419409229,2.6109390631409,2.6109390631409,2.6109390631409,2.6109390631409
0.527568886152684,0,0,0.486347031256246,0.486347031256246,0.527568886152683,0.486347031256246,0.486347031256246,5.8817240254011,5.8817240254011,4.72464530487313,4.72464530487313,5.8817240254011,4.72464530487313,4.72464530487313,4.72464530487313,4.72464530487313,4.72464530487313,2.6109390631409,7.57537887159804,2.6109390631409,4.72464530487313,2.6109390631409,8.31854086264537,2.6109390631409,2.6109390631409,4.72464530487313,7.57537887159804,4.72464530487313,7.96548884721363
0.527568886152685,0,0,0.486347031256247,0.486347031256247,0.527568886152684,0.486347031256247,0.486347031256248,2.6109390631409,2.6109390631409,2.6109390631409,2.6109390631409,2.6109390631409,2.6109390631409,2.6109390631409,2.6109390631409,2.6109390631409,2.6109390631409,5.77507878051304,2.6109390631409,7.79060281341268,2.6109390631409,5.77507878051305,2.6109390631409,9.42987403447514,5.77507878051304,2.6109390631409,2.6109390631409,2.6109390631409,2.6109390631409
0.527568886152683,0,0,0.486347031256245,0.486347031256245,0.527568886152682,0.486347031256245,0.486347031256246,2.6109390631409,2.6109390631409,2.6109390631409,2.6109390631409,2.6109390631409,2.6109390631409,2.6109390631409,2.6109390631409,2.6109390631409,2.6109390631409,7.53406541956425,2.6109390631409,5.77507878051304,2.6109390631409,8.54305419409229,2.6109390631409,5.77507878051304,9.92633222391228,2.6109390631409,2.6109390631409,2.6109390631409,2.6109390631409
0.527568886152683,0,0,0.486347031256246,0.486347031256246,0.527568886152682,0.486347031256246,0.486347031256246,4.72464530487313,4.72464530487313,5.56984879412418,6.07556286947746,4.72464530487313,7.01017263683987,6.07556286947746,6.07556286947746,5.56984879412418,6.07556286947745,2.6109390631409,4.72464530487314,2.6109390631409,7.01017263683987,2.6109390631409,4.72464530487313,2.6109390631409,2.6109390631409,10.902056025277,4.72464530487314,10.7253976787207,4.72464530487314
0.527568886152684,0,0,0.486347031256247,0.486347031256247,0.527568886152684,0.486347031256247,0.486347031256246,5.8817240254011,5.8817240254011,4.72464530487314,4.72464530487314,5.8817240254011,4.72464530487314,4.72464530487314,4.72464530487314,4.72464530487314,4.72464530487314,2.6109390631409,7.73775241090429,2.6109390631409,4.72464530487314,2.6109390631409,7.57537887159804,2.6109390631409,2.6109390631409,4.72464530487314,10.7097050792919,4.72464530487313,7.57537887159805
0.527568886152683,0,0,0.486347031256246,0.486347031256246,0.527568886152683,0.486347031256246,0.486347031256246,4.72464530487313,4.72464530487313,5.56984879412418,6.07556286947745,4.72464530487313,7.01017263683987,6.07556286947746,6.07556286947746,5.56984879412418,6.07556286947746,2.6109390631409,4.72464530487313,2.6109390631409,7.01017263683987,2.6109390631409,4.72464530487313,2.6109390631409,2.6109390631409,10.7253976787207,4.72464530487313,12.926711239983,4.72464530487313
0.527568886152685,0,0,0.486347031256247,0.486347031256247,0.527568886152685,0.486347031256247,0.486347031256246,5.8817240254011,5.8817240254011,4.72464530487313,4.72464530487314,5.8817240254011,4.72464530487314,4.72464530487314,4.72464530487314,4.72464530487314,4.72464530487313,2.6109390631409,7.57537887159804,2.6109390631409,4.72464530487313,2.6109390631409,7.96548884721363,2.6109390631409,2.6109390631409,4.72464530487314,7.57537887159805,4.72464530487313,12.1958184746393
