1.09191750289266
1.72739211108491
2.44694230971447
2.2811721592264
2.69627274596894
2.68046803150964
3.65776751736645
3.95978071723121
6.48030191904442
6.48792316668781
6.65128900361691
6.85279543050394
7.11845567171988
7.76183811078394
7.63918102709273
7.9056884331471
7.14758108692894
8.0546083933118
8.48714631426046
7.97517718730509
8.88784914283598
9.5866210657778
9.30201470110092
8.31854086264537
9.42987403447514
9.92633222391228
10.902056025277
10.7097050792919
12.926711239983
12.1958184746393
