0.447819551686497
0.617573197481097
0.693313047511636
1.04937103456506
1.27550334646304
1.45981977408216
2.05184519411263
2.07674756002459
2.28326714021792
1.94067664371122
2.87121500517911
2.67594902380257
4.13363345622966
2.84204832684217
4.23618406306306
2.16709819061811
2.27827646239174
2.81987589451802
5.14104729019333
3.25515193979946
5.01814599840614
4.99517387922601
5.05857547651638
6.10264423722434
5.68853712445743
5.77492521870068
5.45431565247258
5.99629607687194
6.42413738858476
6.75783044029053
