1.64252875947349
1.64126164980594
2.01296799537875
1.8944235440852
2.00957783410166
2.78814372410884
3.16545467328114
3.12625060233613
4.09473712611003
3.65801513533645
3.89855908223024
3.96594585717103
4.26264932464402
5.13140574892134
4.99680365386518
5.5757594259822
6.09607133943978
6.78960568227421
6.99292137982092
6.91100990338523
7.0041148473141
7.6565624273163
8.098585277977
7.72090879767349
8.57835384876587
8.76676760871047
8.25439457071609
9.16157189860661
9.85418602401241
9.86680817942658
