1.0888750423337
1.8522587859039
2.26965006521107
1.63571974326016
2.59361063771196
2.9387145177698
1.80561377721537
3.8503668709896
3.50525378875374
3.56529607494142
2.62408736793646
3.36457125075667
2.81008921346218
2.58504944758849
4.44916221517484
5.30264421881276
3.37246571875292
4.74134527730547
5.25074450747209
5.30252694497972
4.10461153147416
4.89661371956005
5.08258343142997
5.31206131493993
5.62630030714674
6.4947105010852
6.68918407712533
6.47821104262711
5.31526133210114
5.08813162829706
