1.68617650444289
2.01940278417431
2.56520732450207
3.16514848883922
3.95766332924197
4.05520286569473
4.48584834851397
4.70183748356124
6.8009307821839
7.12129217743116
7.29577760976759
7.56164980711737
7.81277358789472
7.7738927794778
7.63994361814948
8.29381046143267
9.31418791857974
9.39768189001999
10.2217313080148
10.1302068894492
10.1568163514656
10.856666743163
11.5400905759174
11.48535957043
11.7318624026243
11.9977543090614
12.0559717355032
11.9972914791099
12.1134497585706
15.3988437136271
