-0.0549163629760359,-0.0688441268298217,-0.0549163629760359,-0.0688441268298217
1.49312384559694,-0.502671699556284,1.53376907021577,-0.447027183700024
4.23844379907175,-1.98415882319237,4.24959451650467,-2.10336776378873
-1.9805571638469,-5.78560592569785,-2.04624717915175,-5.74884325998226
-0.0549163629760359,-0.0688441268298217,0.0365424003278558,-0.122620690565175
0.0365424003278558,-0.122620690565175,0.150123887217871,-0.104416349657377
0.150123887217871,-0.104416349657377,0.160269732832638,-0.121353806703993
0.363429494233187,-0.25813097316275,0.324676733576575,-0.259279269831167
0.519565550752811,-0.220042648016717,0.658138628295717,-0.273777065046511
0.658138628295717,-0.273777065046511,0.75665451753895,-0.274994331591889
0.75665451753895,-0.274994331591889,0.794852588227585,-0.349396190224751
0.794852588227585,-0.349396190224751,0.920185195044703,-0.333687537290589
0.920185195044703,-0.333687537290589,0.931785471235758,-0.414429539267141
0.931785471235758,-0.414429539267141,1.07795359564872,-0.389236600134027
1.07795359564872,-0.389236600134027,1.19007312242669,-0.414714670191143
1.19007312242669,-0.414714670191143,1.28773899742949,-0.494037241020105
1.28773899742949,-0.494037241020105,1.37938535919942,-0.514960915780962
1.37938535919942,-0.514960915780962,1.49312384559694,-0.502671699556284
1.49312384559694,-0.502671699556284,1.5499363973442,-0.582860804185591
1.5499363973442,-0.582860804185591,1.5497700936949,-0.611154514416307
1.5497700936949,-0.611154514416307,1.61967949386739,-0.654680041307668
1.61967949386739,-0.654680041307668,1.73423135055253,-0.716082274732499
1.73423135055253,-0.716082274732499,1.88795994176608,-0.743309896846991
1.88795994176608,-0.743309896846991,1.84586313283652,-0.776534414580174
2.05907268082434,-0.887180230587353,2.14095898536014,-0.983666429292368
2.14095898536014,-0.983666429292368,2.1975119634093,-0.979706130087005
2.1975119634093,-0.979706130087005,2.21682325190031,-1.060774079578
2.52913553323099,-1.29214137508344,2.54400952942119,-1.40703151637756
2.83267822814172,-1.81980856258093,2.87960059617923,-1.88663046504544
2.99954975496111,-2.33258401424446,2.97125125241657,-2.45834620288998
2.88166989001931,-2.91239181590726,2.86379928461943,-2.98093658368095
2.74412237477553,-3.19314014870145,2.64429558689034,-3.23628450427722
2.64429558689034,-3.23628450427722,2.53622639846875,-3.3540768716361
1.51928807623455,-3.92359461411664,1.39516010162079,-3.9787822771523
1.12027463110214,-4.07919313240004,0.986277104691812,-4.12998213002621
0.986277104691812,-4.12998213002621,0.851480672424727,-4.16096016779431
0.851480672424727,-4.16096016779431,0.783377453189731,-4.15657713538334
0.783377453189731,-4.15657713538334,0.674375283333727,-4.1904239821804
0.480010678063415,-4.14726585680316,0.531979064073314,-4.12996510950993
0.531979064073314,-4.12996510950993,0.455199392273561,-4.17109249406986
0.455199392273561,-4.17109249406986,0.359953974211464,-4.14954730387438
0.359953974211464,-4.14954730387438,0.265421555323373,-4.06589171246121
0.265421555323373,-4.06589171246121,0.224270734016686,-4.13298819664861
0.224270734016686,-4.13298819664861,0.167957071950648,-4.13056972399754
0.167957071950648,-4.13056972399754,0.138742807785685,-4.1749243154729
0.138742807785685,-4.1749243154729,0.0341510563400527,-4.17123482548484
2.99954975496111,-2.33258401424446,2.97106008396208,-2.44362663165486
3.02257657631028,-2.23938544782749,3.02801980291227,-2.16295836913922
3.02801980291227,-2.16295836913922,3.00632865357474,-2.13562942996719
3.00632865357474,-2.13562942996719,3.05348929425563,-2.12257271175935
3.05348929425563,-2.12257271175935,3.09078264487896,-2.21341940703192
3.09078264487896,-2.21341940703192,3.16940466041467,-2.13473422288395
3.16940466041467,-2.13473422288395,3.1836065927169,-2.06490888202856
3.1836065927169,-2.06490888202856,3.26307312861572,-2.0884571420747
3.26307312861572,-2.0884571420747,3.30061505356444,-2.01468223372861
0.0341510563400527,-4.17123482548484,-0.100949538016184,-4.1611042977396
-0.100949538016184,-4.1611042977396,-0.114811876191417,-4.12107619264608
-0.114811876191417,-4.12107619264608,-0.226005596737851,-4.17010812800148
-0.226005596737851,-4.17010812800148,-0.31029043232604,-4.08461051925463
-0.31029043232604,-4.08461051925463,-0.433168336052462,-4.10662661607816
-0.433168336052462,-4.10662661607816,-0.423579966819618,-4.24096781487974
0.0341510563400527,-4.17123482548484,0.154558134945649,-4.2069005131491
0.154558134945649,-4.2069005131491,0.088795981018507,-4.33991563443068
0.088795981018507,-4.33991563443068,0.104235992455646,-4.48025282814464
0.104235992455646,-4.48025282814464,0.137513976956313,-4.45446160614309
2.64429558689034,-3.23628450427722,2.63223384478961,-3.31260628192413
2.63223384478961,-3.31260628192413,2.61362604242556,-3.39730597637515
2.61362604242556,-3.39730597637515,2.66731183425223,-3.32986049612588
2.66731183425223,-3.32986049612588,2.68877557827936,-3.35779359253419
2.68877557827936,-3.35779359253419,2.66628114904844,-3.33513604201217
2.66628114904844,-3.33513604201217,2.57274362292129,-3.40011991365403
-0.21348713399022,0.06308256265725,-0.228316442356945,0.0775370936143723
-0.228316442356945,0.0775370936143723,-0.352452332216324,0.0407272841398809
-0.352452332216324,0.0407272841398809,-0.4806552184364,0.0358787287960398
-0.4806552184364,0.0358787287960398,-0.526880914426065,0.10051164799553
-0.526880914426065,0.10051164799553,-0.605374357884937,0.226726966169482
-0.605374357884937,0.226726966169482,-0.627324236707054,0.307655581404925
-0.627324236707054,0.307655581404925,-0.740738357488084,0.221138111069271
-0.740738357488084,0.221138111069271,-0.747759806117407,0.319927301986649
-0.747759806117407,0.319927301986649,-0.818694122807688,0.445867464083483
3.30061505356444,-2.01468223372861,3.42889700349262,-2.08765043875045
3.42889700349262,-2.08765043875045,3.45212645392623,-2.14391714217596
3.45212645392623,-2.14391714217596,3.54646520497544,-2.15491287444922
3.54646520497544,-2.15491287444922,3.67834407614865,-2.08320972999217
3.67834407614865,-2.08320972999217,3.78515688428129,-2.25103333772799
3.78515688428129,-2.25103333772799,3.81571161189973,-2.18970093384398
3.81571161189973,-2.18970093384398,3.96813949255096,-2.26032848726618
3.96813949255096,-2.26032848726618,4.03985418869346,-2.35144786246416
4.03985418869346,-2.35144786246416,4.02672429380095,-2.33501929120928
4.02672429380095,-2.33501929120928,4.12308358846601,-2.41183091601923
4.12308358846601,-2.41183091601923,4.18337221443677,-2.45452306293343
4.18337221443677,-2.45452306293343,4.29904482401341,-2.42969853993914
4.29904482401341,-2.42969853993914,4.36279877693457,-2.44532472977131
-0.621399227150461,-4.19622094702873,-0.660487957245015,-4.128232883892
-0.660487957245015,-4.128232883892,-0.792991863035133,-4.18425228302744
-0.792991863035133,-4.18425228302744,-0.795464303578539,-4.10805837972735
-0.795464303578539,-4.10805837972735,-0.909833362452723,-4.070083120034
2.57274362292129,-3.40011991365403,2.58677490042563,-3.42550831153714
2.58677490042563,-3.42550831153714,2.530784790194,-3.45077067536635
2.530784790194,-3.45077067536635,2.57725854674159,-3.43826334550234
2.57725854674159,-3.43826334550234,2.55426488466108,-3.43242419014079
2.55426488466108,-3.43242419014079,2.66094278557183,-3.39669820184931
2.66094278557183,-3.39669820184931,2.70067920426389,-3.43998028643964
-0.621399227150461,-4.19622094702873,-0.630410617800159,-4.30206918234792
-0.630410617800159,-4.30206918234792,-0.744010298318222,-4.32680125960739
-0.744010298318222,-4.32680125960739,-0.734967387790403,-4.51146007355578
-0.734967387790403,-4.51146007355578,-0.7873157614869,-4.56381515064962
-0.7873157614869,-4.56381515064962,-0.880025759796315,-4.62313678127412
-0.880025759796315,-4.62313678127412,-0.936418898102049,-4.68473951310435
-0.936418898102049,-4.68473951310435,-0.988852543968859,-4.86031071672821
-0.988852543968859,-4.86031071672821,-1.08811261477261,-4.88750043164751
-1.08811261477261,-4.88750043164751,-1.06236145978031,-4.99381407794824
3.30061505356444,-2.01468223372861,3.35043388194504,-1.98142009672497
3.35043388194504,-1.98142009672497,3.37607930783085,-1.8864563820722
3.37607930783085,-1.8864563820722,3.39218258766538,-1.75002756869882
3.39218258766538,-1.75002756869882,3.51801727353609,-1.73850056876246
3.51801727353609,-1.73850056876246,3.46616297863235,-1.68420289758517
-0.909833362452723,-4.070083120034,-1.00906845753777,-4.13282806261058
-1.00906845753777,-4.13282806261058,-1.07905345054666,-4.00610512709173
3.81571161189973,-2.18970093384398,3.84422879389549,-2.08287911956067
3.84422879389549,-2.08287911956067,4.04636896989349,-2.09235489870321
4.04636896989349,-2.09235489870321,4.15211810508969,-2.05824437867272
4.15211810508969,-2.05824437867272,4.23844379907175,-1.98415882319237
-0.818694122807688,0.445867464083483,-0.839902486848815,0.501540197199291
-0.839902486848815,0.501540197199291,-0.877977526985625,0.589279620959654
-0.877977526985625,0.589279620959654,-0.897809465642234,0.700892856750508
-0.897809465642234,0.700892856750508,-0.900837019806222,0.79035054631271
-0.900837019806222,0.79035054631271,-0.909199147704068,0.88655987725005
-0.909199147704068,0.88655987725005,-0.986508696504031,0.976081446018787
-0.986508696504031,0.976081446018787,-0.958656788918509,1.07719908075752
2.57274362292129,-3.40011991365403,2.6816479511197,-3.35319246290358
2.6816479511197,-3.35319246290358,2.81491483749498,-3.35629264890442
2.81491483749498,-3.35629264890442,2.84832676522528,-3.30733883009675
2.84832676522528,-3.30733883009675,2.86047889115984,-3.31028710111111
2.86047889115984,-3.31028710111111,2.99528092662173,-3.35872159206366
2.99528092662173,-3.35872159206366,3.04126354377889,-3.37949494836095
3.04126354377889,-3.37949494836095,3.20226588624079,-3.37553402925472
3.20226588624079,-3.37553402925472,3.20960683639039,-3.41392567872277
3.20960683639039,-3.41392567872277,3.38840733824064,-3.4677706102771
4.36279877693457,-2.44532472977131,4.44848640601235,-2.4776151984064
4.44848640601235,-2.4776151984064,4.36214106564653,-2.49993365751396
4.36214106564653,-2.49993365751396,4.47853277896273,-2.48508905712824
4.47853277896273,-2.48508905712824,4.45195274614197,-2.54449720789408
4.45195274614197,-2.54449720789408,4.62254608366044,-2.51160050391305
4.62254608366044,-2.51160050391305,4.70306466608641,-2.47895138895987
1.70283798212288,-0.352915130682651,1.63159513743791,-0.294033788735087
0.166131141697557,-4.64935439477293,0.136996682750787,-4.74762534043602
0.136996682750787,-4.74762534043602,0.0952173554217233,-4.84450598655076
0.0952173554217233,-4.84450598655076,0.0618810782342607,-4.96098982044154
2.70067920426389,-3.43998028643964,2.57414242375868,-3.4885555357774
2.57414242375868,-3.4885555357774,2.58766544961652,-3.46371037207016
2.58766544961652,-3.46371037207016,2.62778182062424,-3.46394851601739
2.62778182062424,-3.46394851601739,2.72924675668949,-3.48078390335388
2.72924675668949,-3.48078390335388,2.60486258012417,-3.49706900599679
2.60486258012417,-3.49706900599679,2.78403777679037,-3.52189875383067
0.166131141697557,-4.64935439477293,0.189939612237382,-4.75581218132516
0.189939612237382,-4.75581218132516,0.319283120205828,-4.76907449246049
0.319283120205828,-4.76907449246049,0.317681961004179,-4.86721782084755
1.53376907021577,-0.447027183700024,1.5483222336752,-0.333246207617928
1.5483222336752,-0.333246207617928,1.53025468168812,-0.334019849555024
1.51209225003695,-0.127985464224616,1.55400843172705,-0.15472796392386
1.55400843172705,-0.15472796392386,1.44807229515735,-0.0939107724049031
1.44807229515735,-0.0939107724049031,1.43153006808465,0.0730912395203651
1.43153006808465,0.0730912395203651,1.4511894525873,0.110286259922466
1.4511894525873,0.110286259922466,1.47158143869448,0.129425506221508
1.427291014412,0.390218400467992,1.40620788291217,0.424297055087754
1.40620788291217,0.424297055087754,1.38018866776056,0.547603760210564
-1.06236145978031,-4.99381407794824,-1.19865615987863,-5.00490005392212
-1.29907388371459,-5.1186550927691,-1.34447949486216,-5.18196366811694
-1.34447949486216,-5.18196366811694,-1.3956260472218,-5.33544973408781
-1.3956260472218,-5.33544973408781,-1.46616624283883,-5.34953399042747
-1.46616624283883,-5.34953399042747,-1.57075972296017,-5.39443196081921
-1.57075972296017,-5.39443196081921,-1.60843267954026,-5.41683108050157
-1.7391995823691,-5.57807015657409,-1.77591663019,-5.56220528490675
-1.97714424635013,-5.72640026420624,-1.9805571638469,-5.78560592569785
-0.818694122807688,0.445867464083483,-0.888743411181267,0.581121563201532
-0.888743411181267,0.581121563201532,-0.982719270139357,0.534274336949248
-0.982719270139357,0.534274336949248,-1.05406675434956,0.458857619730011
-1.05406675434956,0.458857619730011,-1.05867328870863,0.597300867633345
-0.982719270139357,0.534274336949248,-0.948860169567425,0.388086283647778
-0.948860169567425,0.388086283647778,-0.983609380525074,0.459534262751786
-0.983609380525074,0.459534262751786,-1.09573713672005,0.31397907117347
-1.09573713672005,0.31397907117347,-1.11078411935706,0.374496208776435
-1.11078411935706,0.374496208776435,-1.09954041808754,0.275170457474018
-1.05929715092428,1.30906031604968,-1.07501584860955,1.32488833069139
-1.07501584860955,1.32488833069139,-1.15236224056694,1.30450521215275
-1.31290409589894,1.46334817944286,-1.32729903485169,1.50760017170054
-1.32729903485169,1.50760017170054,-1.42744417189736,1.5951646473727
-1.42744417189736,1.5951646473727,-1.51114368906445,1.5744176276619
-1.51114368906445,1.5744176276619,-1.57061565344295,1.72290050247237
-1.57061565344295,1.72290050247237,-1.6157275051537,1.67613522022909
-1.80091837529131,1.8644697795356,-1.84059832295016,1.77577557746861
-2.03285301532688,1.92141237138734,-2.03991651341153,1.97398101142293
-2.03991651341153,1.97398101142293,-2.1086879808577,2.02273197850928
-1.05929715092428,1.30906031604968,-0.984828892427227,1.27835251453489
-1.05063240975391,1.43451827756293,-1.01797843877264,1.49885489980705
-1.01797843877264,1.49885489980705,-0.986722676346709,1.61981351233089
1.38018866776056,0.547603760210564,1.53803057869337,0.652471097276406
1.53803057869337,0.652471097276406,1.5599524426559,0.793557512286542
1.5599524426559,0.793557512286542,1.49131625786856,0.7657399494568
1.49131625786856,0.7657399494568,1.58578755641789,0.896494815113471
1.58578755641789,0.896494815113471,1.53768692694309,1.02938495601995
1.53768692694309,1.02938495601995,1.68688847472219,1.10756774239419
1.68688847472219,1.10756774239419,1.67177605275257,1.31068377174744
1.67177605275257,1.31068377174744,1.67287247679981,1.35105377488174
1.67287247679981,1.35105377488174,1.70689324230863,1.45940255764837
1.70689324230863,1.45940255764837,1.64673095348342,1.50795154461378
1.38018866776056,0.547603760210564,1.38778153317832,0.67269436395281
1.38778153317832,0.67269436395281,1.34408569680598,0.750047706990891
1.34408569680598,0.750047706990891,1.33663787401354,0.801943278621567
1.33663787401354,0.801943278621567,1.29802386121268,0.904454410231813
1.29802386121268,0.904454410231813,1.22126450727739,1.02989343619329
1.22126450727739,1.02989343619329,1.15598712435537,1.12735256604592
1.15598712435537,1.12735256604592,1.12259355365337,1.22476557056205
1.12259355365337,1.22476557056205,1.01862308140816,1.31587662915919
1.63159513743791,-0.294033788735087,1.76305578513692,-0.294622687169258
1.76305578513692,-0.294622687169258,1.79821374012506,-0.218646552129899
1.79821374012506,-0.218646552129899,1.82816539510628,-0.0663407508855157
1.82816539510628,-0.0663407508855157,1.79144654222571,-0.0614256567567813
1.79144654222571,-0.0614256567567813,1.84343292602898,0.027250006408456
1.89134385655926,0.235747751393898,2.02281505793659,0.239174806555486
2.02281505793659,0.239174806555486,2.05350919531835,0.330606238210734
2.05350919531835,0.330606238210734,2.19426552787407,0.419207497157123
2.19426552787407,0.419207497157123,2.12247432189216,0.510173996048224
2.12247432189216,0.510173996048224,2.21724823131776,0.559150983074743
2.21724823131776,0.559150983074743,2.26006259487366,0.69031690603701
2.26006259487366,0.69031690603701,2.34455209143646,0.703421258839222
2.34455209143646,0.703421258839222,2.3200079242145,0.828935817343973
2.3200079242145,0.828935817343973,2.43580814277982,0.947505245176623
2.43580814277982,0.947505245176623,2.44044824786112,1.03882405945346
2.44044824786112,1.03882405945346,2.56658344958525,1.09872889715006
2.56658344958525,1.09872889715006,2.56994704818714,1.19775976510055
2.56994704818714,1.19775976510055,2.6576955232976,1.27317078576375
2.6576955232976,1.27317078576375,2.73531342020152,1.42354196002515
1.63159513743791,-0.294033788735087,1.70673432080525,-0.255076198271184
1.70673432080525,-0.255076198271184,1.83691769896159,-0.267628102497728
1.83691769896159,-0.267628102497728,1.91284014959659,-0.212837862170639
1.91284014959659,-0.212837862170639,2.07207503104656,-0.234580540629833
2.07207503104656,-0.234580540629833,2.1989775446562,-0.152036960809125
2.1989775446562,-0.152036960809125,2.24248704411477,-0.0627995021170777
2.24248704411477,-0.0627995021170777,2.36059495169175,0.0099449876382264
2.36059495169175,0.0099449876382264,2.44136448767173,0.0210345827925367
3.67731830081711,-1.63166475327815,3.66071194996693,-1.59849184736095
3.66071194996693,-1.59849184736095,3.79736978681184,-1.57125348395048
3.79736978681184,-1.57125348395048,3.83150500345493,-1.48240978263079
4.0190040363334,-1.3558092665939,4.03242066097459,-1.486970460654
4.03242066097459,-1.486970460654,4.10594926841666,-1.34949107388239
4.10594926841666,-1.34949107388239,4.1409011338519,-1.29232691283952
4.1409011338519,-1.29232691283952,4.30268370150043,-1.26511942844005
4.30268370150043,-1.26511942844005,4.41336850362509,-1.2847403159881
4.41336850362509,-1.2847403159881,4.53959893514348,-1.18973978538179
4.53959893514348,-1.18973978538179,4.63019253818848,-1.13327176477951
4.63019253818848,-1.13327176477951,4.63864804841119,-1.16321717802797
4.81039611418783,-1.15450440784407,4.87626923908905,-1.02266809596285
5.04279383088814,-1.05262907423923,5.07812277939758,-1.07472976980202
5.07812277939758,-1.07472976980202,5.10949543064227,-0.956389531567084
3.67731830081711,-1.63166475327815,3.57065989833897,-1.49301761151762
3.57065989833897,-1.49301761151762,3.67856379187707,-1.33080172511208
3.67856379187707,-1.33080172511208,3.72019351117938,-1.38390349851047
3.72019351117938,-1.38390349851047,3.82314496382179,-1.21939822379392
3.82314496382179,-1.21939822379392,3.78013056095566,-1.17675395143387
3.78013056095566,-1.17675395143387,3.82437101348076,-1.08440748244284
3.82437101348076,-1.08440748244284,3.8866309286253,-1.00637621090884
4.01951655331916,-0.864586780960637,3.94392469855877,-0.790991621906973
3.94392469855877,-0.790991621906973,4.03257079088396,-0.743491028606518
4.03257079088396,-0.743491028606518,4.05124136618909,-0.636643944986453
4.23844379907175,-1.98415882319237,4.36001946877969,-2.05814100915332
4.36001946877969,-2.05814100915332,4.41066603876998,-1.95422860498805
4.36279877693457,-2.44532472977131,4.48369117258603,-2.39344652480251
4.48369117258603,-2.39344652480251,4.57206632083644,-2.38273167686529
4.57206632083644,-2.38273167686529,4.7160280145915,-2.29631496755174
4.7160280145915,-2.29631496755174,4.72804089453519,-2.21938848685973
4.70306466608641,-2.47895138895987,4.79929065257985,-2.39199277480536
4.79929065257985,-2.39199277480536,4.88061231164564,-2.39018224136541
5.08476081873488,-2.32507614245361,5.19471360916044,-2.26809779452533
5.63404030051463,-2.2615465170174,5.74857200270943,-2.25318283920189
5.93349308703761,-2.28860129960805,5.87455636896121,-2.23767565978839
6.32173681723859,-2.34475490358193,6.40979835290105,-2.39040179816474
4.70306466608641,-2.47895138895987,4.61038015414776,-2.52762857693444
4.61038015414776,-2.52762857693444,4.67901384907011,-2.54969573826552
4.67901384907011,-2.54969573826552,4.81842964030493,-2.51413208182948
3.53355693054402,-3.51970956328368,3.52822233718271,-3.5856322839403
3.65954998444708,-3.80852580911657,3.6923761304554,-3.76012167614786
3.6923761304554,-3.76012167614786,3.77132631569103,-3.90074128373251
3.77132631569103,-3.90074128373251,3.84423132685143,-4.00966674654667
3.84423132685143,-4.00966674654667,3.8775926187948,-4.1140799407302
3.53355693054402,-3.51970956328368,3.47236137954717,-3.61425851501825
3.60885100348819,-3.7232199516731,3.61780752978068,-3.69173173550804
3.84416649377753,-4.17133189987774,3.91459438213521,-4.36075740323375
3.91459438213521,-4.36075740323375,3.99125783757842,-4.52140832001633
4.15992054123807,-5.1265846062876,4.17204881104322,-5.26361796672512
4.22277347441104,-5.49026517744922,4.1968816353985,-5.52497245946765
2.70067920426389,-3.43998028643964,2.70236567368078,-3.4382154283958
2.70236567368078,-3.4382154283958,2.72293224287725,-3.43100124961827
3.07654042461241,-3.45995120546,2.96542105098833,-3.45987209754544
3.30857037569989,-3.58346334865041,3.43753327024143,-3.64602827101155
0.317681961004179,-4.86721782084755,0.37146475048263,-4.97840443342357
0.37146475048263,-4.97840443342357,0.404755020797909,-5.09655912778653
0.404755020797909,-5.09655912778653,0.413213739536114,-5.04101751292547
0.499449991010694,-5.22386925336267,0.550745063812429,-5.2588133298175
0.550745063812429,-5.2588133298175,0.612874938360972,-5.32893378152439
0.612874938360972,-5.32893378152439,0.615507986138482,-5.41830557877508
0.615507986138482,-5.41830557877508,0.687551543447483,-5.52477738866366
0.687551543447483,-5.52477738866366,0.762424277264269,-5.67219805907293
0.762424277264269,-5.67219805907293,0.796716557302862,-5.80219761344914
0.796716557302862,-5.80219761344914,0.813636809448458,-5.7890892547482
0.813636809448458,-5.7890892547482,0.839415095447363,-5.86118247431519
0.996203042409826,-6.04173534726192,1.07116082573415,-6.14995312374531
1.07116082573415,-6.14995312374531,1.13678837587032,-6.28095764190838
1.28583142142473,-6.41652720013131,1.38432745845869,-6.43269806365882
0.285734508345386,-5.07903268019023,0.37569342054246,-5.1643420279161
0.37569342054246,-5.1643420279161,0.370945798789727,-5.26913489559709
0.370945798789727,-5.26913489559709,0.386862402333103,-5.40689347548437
0.386862402333103,-5.40689347548437,0.386645503337263,-5.40268225900892
0.386645503337263,-5.40268225900892,0.448408163871266,-5.569083626405
0.448408163871266,-5.569083626405,0.494972472413517,-5.69974641796116
0.494972472413517,-5.69974641796116,0.573329313203771,-5.85011634793732
0.573329313203771,-5.85011634793732,0.507294838728204,-5.9712056017598
0.507294838728204,-5.9712056017598,0.496187758981649,-5.96068378851847
0.0618810782342607,-4.96098982044154,0.0415938609160783,-5.07013412350186
0.0415938609160783,-5.07013412350186,0.120312427843837,-5.23902155881702
0.120312427843837,-5.23902155881702,0.150799929947277,-5.30303755880053
0.150799929947277,-5.30303755880053,0.153070312747715,-5.40637969189653
0.153070312747715,-5.40637969189653,0.172839228219333,-5.43671284084092
0.0618810782342607,-4.96098982044154,-0.0270592432318584,-5.02213457839184
-0.0270592432318584,-5.02213457839184,-0.00953582880278995,-5.1998869721197
-0.00953582880278995,-5.1998869721197,-0.120713608133647,-5.29676556114744
-0.120713608133647,-5.29676556114744,-0.163201402562473,-5.45655194177848
-1.06236145978031,-4.99381407794824,-1.11867650617012,-5.08429432424522
-1.11867650617012,-5.08429432424522,-1.08645363443722,-5.22338316960175
-1.08645363443722,-5.22338316960175,-1.14202851175074,-5.23261822503949
-1.02332155848741,-5.43291474539952,-1.02935744787444,-5.45788815591787
-1.0126505694912,-5.68581711911554,-0.98945451437332,-5.75034407480087
-0.98945451437332,-5.75034407480087,-1.00679511178576,-5.79200916865388
-0.909833362452723,-4.070083120034,-0.986677072317802,-4.17945155124505
-0.986677072317802,-4.17945155124505,-1.09060483645201,-4.17712923963698
-1.09060483645201,-4.17712923963698,-1.14168119197785,-4.31127710011946
-1.14168119197785,-4.31127710011946,-1.21005274941297,-4.29091635250074
-1.24494169421203,-4.51087828907322,-1.36586387393578,-4.52505942852315
-1.36586387393578,-4.52505942852315,-1.33323363620316,-4.54186970620075
-1.33323363620316,-4.54186970620075,-1.43028498987553,-4.64518626275869
-1.43028498987553,-4.64518626275869,-1.53894728417329,-4.66705095164889
-1.53894728417329,-4.66705095164889,-1.63870496277466,-4.8197855241854
-1.63870496277466,-4.8197855241854,-1.72777171280484,-4.9316719748152
-1.72777171280484,-4.9316719748152,-1.84562476893604,-4.96387101902717
-1.84562476893604,-4.96387101902717,-1.88154302178667,-5.02857555423656
-1.07905345054666,-4.00610512709173,-1.05929189781161,-3.94031710635449
-1.05929189781161,-3.94031710635449,-1.08738037302891,-3.82885146858384
-1.08738037302891,-3.82885146858384,-1.13803505582295,-3.7788493106923
-1.13803505582295,-3.7788493106923,-1.09512142064438,-3.70251622228461
-1.09512142064438,-3.70251622228461,-1.11658884700705,-3.63514443472351
-1.11658884700705,-3.63514443472351,-1.15147148381605,-3.52922724865839
-1.15147148381605,-3.52922724865839,-1.15277994564494,-3.45306068945926
-1.15277994564494,-3.45306068945926,-1.18582486797975,-3.27337780389023
-1.18582486797975,-3.27337780389023,-1.22176204116967,-3.1128117243455
-1.22176204116967,-3.1128117243455,-1.31522333058812,-3.01742911775262
-1.07905345054666,-4.00610512709173,-1.0532184468323,-4.04689147344507
-1.0532184468323,-4.04689147344507,-1.11278419351404,-4.04521655030604
-1.11278419351404,-4.04521655030604,-1.14687703658411,-4.03417286022988
-1.14687703658411,-4.03417286022988,-1.20058482374585,-4.0464700279271
-1.20058482374585,-4.0464700279271,-1.2436754796873,-4.0574064203749
-1.2436754796873,-4.0574064203749,-1.24820920480437,-4.08974159867588
-1.24820920480437,-4.08974159867588,-1.26877502683192,-4.05950138694188
-1.26877502683192,-4.05950138694188,-1.30012723273416,-4.02328576998782
-1.30012723273416,-4.02328576998782,-1.33498851653581,-4.05413829354958
-1.33498851653581,-4.05413829354958,-1.37688184785655,-4.12923307800656
-1.37688184785655,-4.12923307800656,-1.43363566003758,-4.22860940261169
-1.43363566003758,-4.22860940261169,-1.41345587260713,-4.11121482102175
-1.93710774210044,-4.61862557345341,-1.92651081402622,-4.58199192907207
2.39519290210209,-3.63669571860317,2.54937370514537,-3.63226753262284
2.72293224287725,-3.43100124961827,2.89722749186205,-3.4432206292869
3.43753327024143,-3.64602827101155,3.49705067528133,-3.71770974412152
-1.53093089682342,-4.1618249811514,-1.63477133001572,-4.28526617681571
-0.423579966819618,-4.24096781487974,-0.504319532703546,-4.21869270866279
-0.504319532703546,-4.21869270866279,-0.621399227150461,-4.19622094702873
0.137513976956313,-4.45446160614309,0.120422777586446,-4.58427437540116
0.120422777586446,-4.58427437540116,0.166131141697557,-4.64935439477293
-1.15236224056694,1.30450521215275,-1.22700499321651,1.4000445363482
-1.22700499321651,1.4000445363482,-1.31290409589894,1.46334817944286
5.43884570757469,-2.27548311202578,5.5823641173017,-2.26297022757925
5.5823641173017,-2.26297022757925,5.63404030051463,-2.2615465170174
3.52822233718271,-3.5856322839403,3.60015391452783,-3.65446999879852
3.60015391452783,-3.65446999879852,3.65954998444708,-3.80852580911657
2.35546903723629,-6.48069666864731,2.32475469402051,-6.54257449185414
-1.41345587260713,-4.11121482102175,-1.50397508876434,-4.25502131280482
-1.50397508876434,-4.25502131280482,-1.57484165624428,-4.38317455231266
-4.44179115882822,-3.98772050103206,-4.51886849786134,-3.95210149171463
-4.51886849786134,-3.95210149171463,-4.53417390463736,-3.95272729420446
-1.9805571638469,-5.78560592569785,-1.95389781779025,-5.83423713645207
-1.95389781779025,-5.83423713645207,-1.99493413623293,-5.96387360629017
0.160269732832638,-0.121353806703993,0.230520487488976,-0.137562246574548
0.230520487488976,-0.137562246574548,0.363429494233187,-0.25813097316275
2.21682325190031,-1.060774079578,2.33137799686689,-1.1271515185292
2.98142356435488,-2.67405218071824,2.93614455063162,-2.84431312197325
2.93614455063162,-2.84431312197325,2.88166989001931,-2.91239181590726
2.35825624922895,-3.51115631918139,2.16863830708927,-3.57269957936899
3.46616297863235,-1.68420289758517,3.56366803444523,-1.62015132831645
3.56366803444523,-1.62015132831645,3.67731830081711,-1.63166475327815
2.78403777679037,-3.52189875383067,2.63597356188539,-3.57673127952831
-1.19865615987863,-5.00490005392212,-1.23347626397147,-5.09986853728065
-1.23347626397147,-5.09986853728065,-1.29907388371459,-5.1186550927691
-1.6157275051537,1.67613522022909,-1.77527273214801,1.80613948005277
-1.77527273214801,1.80613948005277,-1.80091837529131,1.8644697795356
4.87626923908905,-1.02266809596285,4.93696250624681,-1.07172152113503
4.93696250624681,-1.07172152113503,5.04279383088814,-1.05262907423923
3.61780752978068,-3.69173173550804,3.69956500046419,-3.87928604484966
3.69956500046419,-3.87928604484966,3.76089614589214,-3.95085734676475
3.99125783757842,-4.52140832001633,4.04471723385922,-4.67743079731688
4.04471723385922,-4.67743079731688,4.10046734237805,-4.85900146093955
4.17204881104322,-5.26361796672512,4.19968912815175,-5.36291290182919
4.19968912815175,-5.36291290182919,4.22277347441104,-5.49026517744922
3.18717129536764,-3.52978496876512,3.30857037569989,-3.58346334865041
2.93507285940004,-2.09667614630673,2.98295573687658,-2.25029656312861
2.98295573687658,-2.25029656312861,2.99954975496111,-2.33258401424446
2.86379928461943,-2.98093658368095,2.84810837013808,-3.05771071403239
2.84810837013808,-3.05771071403239,2.74412237477553,-3.19314014870145
2.53622639846875,-3.3540768716361,2.45272056926825,-3.41661201169789
2.45272056926825,-3.41661201169789,2.35825624922895,-3.51115631918139
1.39516010162079,-3.9787822771523,1.19557589814286,-4.04908942830651
1.19557589814286,-4.04908942830651,1.12027463110214,-4.07919313240004
1.47158143869448,0.129425506221508,1.52751428233402,0.288485607110054
1.52751428233402,0.288485607110054,1.427291014412,0.390218400467992
-0.984828892427227,1.27835251453489,-1.01842507624999,1.38049039823619
-1.01842507624999,1.38049039823619,-1.05063240975391,1.43451827756293
4.63864804841119,-1.16321717802797,4.76978206767135,-1.09568176251321
4.76978206767135,-1.09568176251321,4.81039611418783,-1.15450440784407
6.11550024776162,-2.29635016203716,6.20623097574347,-2.33912512232503
6.20623097574347,-2.33912512232503,6.32173681723859,-2.34475490358193
-1.31522333058812,-3.01742911775262,-1.37190020136734,-2.93444731447017
-1.37190020136734,-2.93444731447017,-1.37072256178407,-2.76503284078262
-3.97257783755933,-4.57334588028245,-4.08501560544615,-4.48676929130766
-4.27889003959462,-4.31487477247951,-4.34477182033134,-4.16481506952005
3.2336126434537,-3.9112296276549,3.18180381838631,-4.0429835372377
-3.74539484956895,-4.61401958359433,-3.83846411597649,-4.61468472219892
-3.83846411597649,-4.61468472219892,-3.97257783755933,-4.57334588028245
0.674375283333727,-4.1904239821804,0.640174785765852,-4.15702012645369
0.640174785765852,-4.15702012645369,0.480010678063415,-4.14726585680316
-0.958656788918509,1.07719908075752,-0.991171469880793,1.15802928519538
-0.991171469880793,1.15802928519538,-1.05929715092428,1.30906031604968
3.38840733824064,-3.4677706102771,3.4680834809963,-3.51929426100651
3.4680834809963,-3.51929426100651,3.53355693054402,-3.51970956328368
1.53025468168812,-0.334019849555024,1.55150687263346,-0.245507271839653
1.55150687263346,-0.245507271839653,1.51209225003695,-0.127985464224616
-1.77591663019,-5.56220528490675,-1.87616131366103,-5.64258314709363
-1.87616131366103,-5.64258314709363,-1.97714424635013,-5.72640026420624
4.10046734237805,-4.85900146093955,4.12951320838903,-4.93537314632885
4.12951320838903,-4.93537314632885,4.15992054123807,-5.1265846062876
-2.10316010382712,-5.12558491797752,-2.24252169182973,-5.14764226542722
-2.24252169182973,-5.14764226542722,-2.30115779866963,-5.19303024694132
-4.53417390463736,-3.95272729420446,-4.55806118261241,-3.79603982009755
-4.55806118261241,-3.79603982009755,-4.58671458246737,-3.70475141226632
2.35709352468878,-6.32784228362252,2.50484075351405,-6.39972002292987
2.50484075351405,-6.39972002292987,2.34742159205892,-6.46229442098885
2.34742159205892,-6.46229442098885,2.35546903723629,-6.48069666864731
-2.20215801454951,-4.72710781700946,-2.29859587584369,-4.79669819580423
-2.29859587584369,-4.79669819580423,-2.3657555462717,-4.72556571271117
2.54400952942119,-1.40703151637756,2.62613868962837,-1.46892953814586
2.62613868962837,-1.46892953814586,2.71073348097189,-1.58192921047623
1.78879690514157,-3.79550556996638,1.68883886987233,-3.83159293287786
1.68883886987233,-3.83159293287786,1.51928807623455,-3.92359461411664
2.97991364495495,-3.70915598756641,3.14668866741708,-3.78672206384558
3.14668866741708,-3.78672206384558,3.2336126434537,-3.9112296276549
1.84343292602898,0.027250006408456,1.88028459623056,0.0968987993172105
1.88028459623056,0.0968987993172105,1.89134385655926,0.235747751393898
5.19471360916044,-2.26809779452533,5.30764757277795,-2.28908808048247
5.30764757277795,-2.28908808048247,5.43884570757469,-2.27548311202578
-1.88154302178667,-5.02857555423656,-2.00970629115955,-5.07493022319982
-2.00970629115955,-5.07493022319982,-2.10316010382712,-5.12558491797752
3.2336126434537,-3.9112296276549,3.28386282855803,-3.98779398642049
-1.76659544459117,-4.44718751053609,-1.85719029344611,-4.54813143270397
-1.85719029344611,-4.54813143270397,-1.93710774210044,-4.61862557345341
3.18180381838631,-4.0429835372377,3.25559789546836,-4.10818573974141
3.25559789546836,-4.10818573974141,3.2330231540714,-4.29012843917393
2.55735932549157,-5.93173989012827,2.41955568132881,-6.02923288847853
2.21890930834723,-6.06984367840892,2.0590117927258,-6.13749366693266
-3.09866272925821,-4.73068907512616,-3.2540623192188,-4.72239852050327
-3.2540623192188,-4.72239852050327,-3.40738533466916,-4.71464411089681
1.84586313283652,-0.776534414580174,1.97436515362713,-0.84407964266224
1.97436515362713,-0.84407964266224,2.05907268082434,-0.887180230587353
2.97125125241657,-2.45834620288998,2.96246903299412,-2.60104586257501
2.96246903299412,-2.60104586257501,2.98142356435488,-2.67405218071824
-1.60843267954026,-5.41683108050157,-1.69938722191125,-5.5064450707553
-1.69938722191125,-5.5064450707553,-1.7391995823691,-5.57807015657409
-2.1086879808577,2.02273197850928,-2.2462073262399,2.04447780016159
-2.2462073262399,2.04447780016159,-2.3584373068282,2.10200246782506
3.47236137954717,-3.61425851501825,3.54790461676458,-3.67253918152046
3.54790461676458,-3.67253918152046,3.60885100348819,-3.7232199516731
3.76089614589214,-3.95085734676475,3.85143196047265,-4.07574593539848
3.85143196047265,-4.07574593539848,3.84416649377753,-4.17133189987774
0.839415095447363,-5.86118247431519,0.934297017338944,-6.00401340550849
0.934297017338944,-6.00401340550849,0.996203042409826,-6.04173534726192
-1.02935744787444,-5.45788815591787,-1.02216861787784,-5.55281698621333
-1.02216861787784,-5.55281698621333,-1.0126505694912,-5.68581711911554
2.89722749186205,-3.4432206292869,2.9446400520717,-3.45063223511499
2.9446400520717,-3.45063223511499,3.07654042461241,-3.45995120546
-1.92651081402622,-4.58199192907207,-2.09839631043535,-4.65849761754322
-2.09839631043535,-4.65849761754322,-2.20215801454951,-4.72710781700946
-4.08501560544615,-4.48676929130766,-4.1920225929351,-4.4054780513518
-4.1920225929351,-4.4054780513518,-4.27889003959462,-4.31487477247951
3.61597621556325,-4.74087969524833,3.61398404232353,-4.91401968908039
2.54937370514537,-3.63226753262284,2.6279637038951,-3.64385212253524
2.6279637038951,-3.64385212253524,2.78010719826039,-3.64865253543116
-3.40738533466916,-4.71464411089681,-3.53180975352042,-4.67766505093832
2.27712137058697,-6.26944922784304,2.35709352468878,-6.32784228362252
2.71073348097189,-1.58192921047623,2.76156100908177,-1.69016950738152
2.76156100908177,-1.69016950738152,2.83267822814172,-1.81980856258093
2.01446080051431,-3.6735706026002,1.8905237297034,-3.75067925339852
1.8905237297034,-3.75067925339852,1.78879690514157,-3.79550556996638
2.97106008396208,-2.44362663165486,3.01000912555875,-2.37114143262088
3.01000912555875,-2.37114143262088,3.02257657631028,-2.23938544782749
-0.0549163629760359,-0.0688441268298217,-0.159318054363832,-0.00678279444934467
-0.159318054363832,-0.00678279444934467,-0.21348713399022,0.06308256265725
-1.84059832295016,1.77577557746861,-1.9227065902104,1.87957891496595
-1.9227065902104,1.87957891496595,-2.03285301532688,1.92141237138734
4.41066603876998,-1.95422860498805,4.48287563510046,-1.92473710590592
4.48287563510046,-1.92473710590592,4.58317929995265,-1.95287798006826
3.49705067528133,-3.71770974412152,3.58304986632118,-3.79480718944174
3.58304986632118,-3.79480718944174,3.65146954944793,-3.9186789867986
2.63597356188539,-3.57673127952831,2.49348601488694,-3.56667877771145
2.49348601488694,-3.56667877771145,2.39519290210209,-3.63669571860317
-2.3657555462717,-4.72556571271117,-2.50363240000465,-4.75031509236036
-2.50363240000465,-4.75031509236036,-2.66248443217112,-4.78228986676432
3.5037423509705,-4.42745544755942,3.58848086893934,-4.56976950206543
3.58848086893934,-4.56976950206543,3.61597621556325,-4.74087969524833
3.65050322630045,-5.12143699963015,3.60175907960713,-5.29333023795239
3.60175907960713,-5.29333023795239,3.57791088579486,-5.42746350586178
3.57791088579486,-5.42746350586178,3.50099403336228,-5.55842832270997
3.50099403336228,-5.55842832270997,3.51275144512925,-5.67803062361243
2.82587462438289,-5.66086974787174,2.70195146596703,-5.7801474676223
2.41955568132881,-6.02923288847853,2.31043758086511,-6.09182449871337
2.31043758086511,-6.09182449871337,2.21890930834723,-6.06984367840892
-2.83731776137732,-4.74663215882233,-3.01049046878738,-4.7259550881403
-3.01049046878738,-4.7259550881403,-3.09866272925821,-4.73068907512616
3.83150500345493,-1.48240978263079,3.92661600227422,-1.39815625554013
3.92661600227422,-1.39815625554013,4.0190040363334,-1.3558092665939
3.8866309286253,-1.00637621090884,3.97668031928064,-0.952273355302895
3.97668031928064,-0.952273355302895,4.01951655331916,-0.864586780960637
4.88061231164564,-2.39018224136541,5.0096858335997,-2.36984164809439
5.0096858335997,-2.36984164809439,5.08476081873488,-2.32507614245361
0.413213739536114,-5.04101751292547,0.460132437480199,-5.12566058205821
0.460132437480199,-5.12566058205821,0.499449991010694,-5.22386925336267
-1.21005274941297,-4.29091635250074,-1.24934532950957,-4.38006441955069
-1.24934532950957,-4.38006441955069,-1.24494169421203,-4.51087828907322
2.96542105098833,-3.45987209754544,3.08264346427668,-3.50398812712085
3.08264346427668,-3.50398812712085,3.18717129536764,-3.52978496876512
-4.34477182033134,-4.16481506952005,-4.39440803423176,-4.05687234860262
-4.39440803423176,-4.05687234860262,-4.44179115882822,-3.98772050103206
3.28386282855803,-3.98779398642049,3.36637826662542,-4.0818344013136
3.36637826662542,-4.0818344013136,3.41653298114643,-4.17728490344394
3.41653298114643,-4.17728490344394,3.47212712305823,-4.29287599395784
3.47212712305823,-4.29287599395784,3.5037423509705,-4.42745544755942
3.2330231540714,-4.29012843917393,3.24965849325769,-4.39073299467099
3.24965849325769,-4.39073299467099,3.16131654261149,-4.50181408225758
3.16131654261149,-4.50181408225758,3.04595585321248,-4.52532722832616
3.04595585321248,-4.52532722832616,2.91833004221082,-4.53662191673288
2.0590117927258,-6.13749366693266,2.14701096417187,-6.16891865766707
2.14701096417187,-6.16891865766707,2.27712137058697,-6.26944922784304
2.91833004221082,-4.53662191673288,2.9085306182043,-4.72043313193135
2.94705426084991,-4.91496185598875,2.91603098261803,-5.08735626282559
2.91603098261803,-5.08735626282559,2.91583620051642,-5.18169402225137
0.324676733576575,-0.259279269831167,0.426122716166645,-0.257638744982359
0.426122716166645,-0.257638744982359,0.519565550752811,-0.220042648016717
2.87960059617923,-1.88663046504544,2.90687139307985,-1.99653458437163
2.90687139307985,-1.99653458437163,2.93507285940004,-2.09667614630673
1.53376907021577,-0.447027183700024,1.60944872777641,-0.401679481204318
1.60944872777641,-0.401679481204318,1.70283798212288,-0.352915130682651
5.74857200270943,-2.25318283920189,5.83807385211118,-2.25198410255992
5.83807385211118,-2.25198410255992,5.93349308703761,-2.28860129960805
5.87455636896121,-2.23767565978839,6.00031063784943,-2.25469596040431
6.00031063784943,-2.25469596040431,6.11550024776162,-2.29635016203716
1.13678837587032,-6.28095764190838,1.18810578001128,-6.34374778858175
1.18810578001128,-6.34374778858175,1.28583142142473,-6.41652720013131
0.317681961004179,-4.86721782084755,0.312745522163166,-4.97645293383212
0.312745522163166,-4.97645293383212,0.285734508345386,-5.07903268019023
-1.14202851175074,-5.23261822503949,-1.07401299702389,-5.32659406742701
-1.07401299702389,-5.32659406742701,-1.02332155848741,-5.43291474539952
-1.57484165624428,-4.38317455231266,-1.55259324229836,-4.28466409325771
-1.55259324229836,-4.28466409325771,-1.53093089682342,-4.1618249811514
2.33137799686689,-1.1271515185292,2.43592072677412,-1.22268031295479
2.43592072677412,-1.22268031295479,2.52913553323099,-1.29214137508344
2.16863830708927,-3.57269957936899,2.09651965955349,-3.63867361413196
2.09651965955349,-3.63867361413196,2.01446080051431,-3.6735706026002
-1.63477133001572,-4.28526617681571,-1.70208822833163,-4.37090934934942
-1.70208822833163,-4.37090934934942,-1.76659544459117,-4.44718751053609
2.78010719826039,-3.64865253543116,2.90422388034188,-3.68013508627233
2.90422388034188,-3.68013508627233,2.97991364495495,-3.70915598756641
-2.66248443217112,-4.78228986676432,-2.74956625236516,-4.75812009611856
-2.74956625236516,-4.75812009611856,-2.83731776137732,-4.74663215882233
3.61398404232353,-4.91401968908039,3.62810199487402,-5.02718904207511
3.62810199487402,-5.02718904207511,3.65050322630045,-5.12143699963015
-3.53180975352042,-4.67766505093832,-3.64934141997831,-4.6479246536231
-3.64934141997831,-4.6479246536231,-3.74539484956895,-4.61401958359433
2.91583620051642,-5.18169402225137,2.85516825046147,-5.31584380656793
2.85516825046147,-5.31584380656793,2.80077784770404,-5.45167051365359
2.80077784770404,-5.45167051365359,2.84237616153045,-5.5706077745288
2.84237616153045,-5.5706077745288,2.82587462438289,-5.66086974787174
2.70195146596703,-5.7801474676223,2.62175816845139,-5.85780950168224
2.62175816845139,-5.85780950168224,2.55735932549157,-5.93173989012827
2.9085306182043,-4.72043313193135,2.92053989661932,-4.79182979723334
2.92053989661932,-4.79182979723334,2.94705426084991,-4.91496185598875
