0.363785673709102
0.474492423570369
0.677795428786542
2.02947455021963
2.0956474907902
1.63469175207005
2.85710126337607
2.90943207462062
2.50728754791144
3.14830977965612
2.60452143211754
2.63101905096988
3.56372657255864
3.81852986403914
4.1510208696198
2.71575568372232
5.43000537435935
4.24176487889672
4.85735796672629
4.78818044324433
4.95418604426095
5.07525712214203
3.80486902615197
6.12787476715202
6.3357262375517
6.56953861402406
4.78758244974612
6.75044442815322
7.30808724074035
8.64647914584725
