0.564215304460302
0.730713880674946
0.910555462164788
2.43914604805758
3.06910521279462
3.07229895017324
3.54229860144076
4.14264773950041
4.21421285451337
4.58104048295153
4.11027981917881
4.54950528812606
4.45447611194811
5.41654255658759
5.42064567594412
5.65788856982191
6.88127091898054
6.41489519753598
6.31666536753352
6.43602878890946
6.81333260363442
7.23960550034375
7.41916220658745
7.84425156117409
8.32727129883436
8.67235059354356
8.57919257168985
11.1979151904153
12.4085942398334
13.4548799483431
