-0.120099313955602,-0.402083919324171,-0.120099313955602,-0.402083919324171
-0.120099313955602,-0.402083919324171,-0.0876764565634866,-0.463341944658829
-0.0876764565634866,-0.463341944658829,-0.16117926578086,-0.437613471995301
2.22119060442423,1.04930469626405,2.25941275035949,1.04239472019218
2.25941275035949,1.04239472019218,2.32671423072003,1.05537239997717
-1.76639171310333,-0.768016792437116,-1.80130222646804,-0.763900811817535
2.7951574346487,2.49435362861356,2.81734777742136,2.39069544541922
-0.16117926578086,-0.437613471995301,-0.0422962547374379,-0.539506731480061
0.0235246254084856,-0.689200099004846,-0.0514089674867985,-0.759325647986965
-2.04849238122668,-1.24317549424492,-2.08534741295786,-1.12977775262444
1.35220496331683,6.13868027300869,1.32321162474519,6.19225861892872
3.17407389891219,4.93476912657004,3.16687055893307,5.01430380792757
2.7951574346487,2.49435362861356,2.82282957006579,2.52539688225451
4.10690979015592,-0.0343473678870604,4.11716525639991,-0.206742554908759
-0.120099313955602,-0.402083919324171,-0.0539558278253779,-0.394260447189426
-0.0539558278253779,-0.394260447189426,-0.161035096510395,-0.306403857550103
-0.161035096510395,-0.306403857550103,-0.0355483892521591,-0.314727953634361
-0.0355483892521591,-0.314727953634361,-0.0310423998212176,-0.318227198829261
-0.0310423998212176,-0.318227198829261,0.0457677708034245,-0.303606707843395
0.0457677708034245,-0.303606707843395,0.028050758309515,-0.209778975201219
0.028050758309515,-0.209778975201219,0.096982757297063,-0.246453390565138
0.096982757297063,-0.246453390565138,0.0769158440018934,-0.2176030487808
0.0769158440018934,-0.2176030487808,0.0783256756513901,-0.2024669146057
-0.29639643790027,-0.45647859805236,-0.413216195008933,-0.468229843943826
-0.413216195008933,-0.468229843943826,-0.543132833925533,-0.475662498639063
-0.543132833925533,-0.475662498639063,-0.653566146139925,-0.476354807066088
-0.653566146139925,-0.476354807066088,-0.674492121814291,-0.568906191728202
-0.674492121814291,-0.568906191728202,-0.755777801081597,-0.580978977550422
-0.755777801081597,-0.580978977550422,-0.740115336499218,-0.649810375152007
0.463988471588527,-0.198115500559399,0.638470407561291,-0.171948376197778
1.27600385038993,0.0158368313952577,1.39000071839833,0.135944853576281
1.66438414313651,0.397625358636776,1.70186925019637,0.359452330741609
1.88643081321242,0.575266959032645,1.95675670016223,0.655475830819549
1.95675670016223,0.655475830819549,2.04904676070524,0.747863032144425
2.04904676070524,0.747863032144425,2.0643662533196,0.872133458451977
2.0643662533196,0.872133458451977,2.13336476918686,0.935295526315878
2.13336476918686,0.935295526315878,2.13676570272732,0.954421026937491
2.13676570272732,0.954421026937491,2.21603743483558,1.0739898757221
2.21603743483558,1.0739898757221,2.22119060442423,1.04930469626405
-0.740115336499218,-0.649810375152007,-0.876747235814753,-0.592640348940989
-0.876747235814753,-0.592640348940989,-1.03140779117805,-0.630273927599379
-1.03140779117805,-0.630273927599379,-1.13129037000642,-0.74407770359489
-1.13129037000642,-0.74407770359489,-1.2885180400833,-0.734263711865598
-1.2885180400833,-0.734263711865598,-1.35768027908222,-0.59046772441906
-1.35768027908222,-0.59046772441906,-1.45543774118475,-0.759511708977979
-1.45543774118475,-0.759511708977979,-1.60728664311565,-0.77919972519002
-1.60728664311565,-0.77919972519002,-1.76639171310333,-0.768016792437116
2.22119060442423,1.04930469626405,2.2473075585848,1.18505819881489
2.2473075585848,1.18505819881489,2.25709161841999,1.34259647357086
2.29272129063025,1.60038622068939,2.34197449221581,1.5657651775017
2.34197449221581,1.5657651775017,2.30582166047173,1.68876657056395
2.30582166047173,1.68876657056395,2.32486472831811,1.7840163321604
2.32486472831811,1.7840163321604,2.3953105827687,1.89964308881136
2.3953105827687,1.89964308881136,2.37454658065363,1.89297388515998
2.41992403211392,2.09094484801084,2.43215102817106,2.08467871517173
2.43215102817106,2.08467871517173,2.4664844744654,2.13191208404251
2.4664844744654,2.13191208404251,2.49087111248296,2.31633623794823
-0.620682523073954,0.296911962887666,-0.697854983768009,0.404733581116301
-0.636481604325956,2.62063671436307,-0.597215080887508,2.69106043249778
-0.597215080887508,2.69106043249778,-0.506394330326673,2.78597018189124
-0.506394330326673,2.78597018189124,-0.402319234624311,2.86869929424926
-0.595844279165008,2.79176159160197,-0.511173233385338,2.87741943547228
-0.511173233385338,2.87741943547228,-0.361250143747571,2.91171473992495
-0.361250143747571,2.91171473992495,-0.38150328201061,2.91577277338778
-0.38150328201061,2.91577277338778,-0.364422404910138,2.92051439736155
-0.364422404910138,2.92051439736155,-0.377230490102974,2.93216179858707
-0.377230490102974,2.93216179858707,-0.28712933103598,2.95383316578476
-0.28712933103598,2.95383316578476,-0.261959000389022,2.95809149660097
-0.261959000389022,2.95809149660097,-0.218135959069295,2.95908320826869
-0.218135959069295,2.95908320826869,-0.172291883473645,3.01625032337256
-0.172291883473645,3.01625032337256,-0.165451065291656,3.00709019577384
-0.165451065291656,3.00709019577384,-0.285647604317666,3.01543762747576
-0.285647604317666,3.01543762747576,-0.165190448687482,3.02988071939055
-0.165190448687482,3.02988071939055,-0.269130850249985,2.99739329809677
-0.269130850249985,2.99739329809677,-0.228174306335314,3.06168128349708
-0.16117926578086,-0.437613471995301,-0.102444724705863,-0.54899446547264
-0.102444724705863,-0.54899446547264,0.0235246254084856,-0.689200099004846
2.25941275035949,1.04239472019218,2.22475083382032,1.10260128388063
2.32959470449337,1.20534460415307,2.38794040749741,1.15908399395649
2.38794040749741,1.15908399395649,2.45077082273075,1.20618047495065
2.45077082273075,1.20618047495065,2.4977962023584,1.26596612680695
2.4977962023584,1.26596612680695,2.58799549419142,1.22067355656302
2.58799549419142,1.22067355656302,2.66423750939754,1.29781338720704
2.49087111248296,2.31633623794823,2.58200749265341,2.29966961960857
2.64463382365152,2.46240712947651,2.7951574346487,2.49435362861356
-1.76639171310333,-0.768016792437116,-1.83579302800335,-0.8116273613779
-1.83579302800335,-0.8116273613779,-1.7866146994188,-0.896561875734458
-1.91990452666483,-1.0605500117556,-1.91636287512179,-1.13681060786867
-1.91636287512179,-1.13681060786867,-2.06167744927853,-1.0999129701623
-2.06167744927853,-1.0999129701623,-2.04849238122668,-1.24317549424492
2.66423750939754,1.29781338720704,2.71204443964832,1.38683153036377
2.71204443964832,1.38683153036377,2.76650188288756,1.27998350858468
2.76650188288756,1.27998350858468,2.84621500997222,1.32075098273758
2.84621500997222,1.32075098273758,3.03510792713476,1.29987085619424
3.03510792713476,1.29987085619424,3.11537840804609,1.18710436834518
3.29871096823379,1.16631218279547,3.24313638984259,1.21235483175376
2.2707620144765,0.814568480051786,2.20422133844928,0.705485753205139
2.32671423072003,1.05537239997717,2.27435959950757,0.94180747498663
2.27435959950757,0.94180747498663,2.271465220789,0.906357656611847
2.271465220789,0.906357656611847,2.32570247311042,0.799016242402658
2.32570247311042,0.799016242402658,2.40894562926296,0.811680783082425
2.40894562926296,0.811680783082425,2.46718103830066,0.830938658519215
2.46718103830066,0.830938658519215,2.51253466832192,0.767928566023566
2.51253466832192,0.767928566023566,2.60754022663085,0.770591181266979
2.60754022663085,0.770591181266979,2.64625084911475,0.64368788426091
2.64625084911475,0.64368788426091,2.75439323260594,0.596053292485665
2.75439323260594,0.596053292485665,2.79402104260848,0.606038548519428
2.79402104260848,0.606038548519428,2.92004074676635,0.48231229221922
2.92004074676635,0.48231229221922,3.03277460510646,0.503437198117452
3.03277460510646,0.503437198117452,3.17789542283608,0.400413440600239
3.17789542283608,0.400413440600239,3.13817974068046,0.458029595132895
3.13817974068046,0.458029595132895,3.31340233371092,0.381773916877868
3.31340233371092,0.381773916877868,3.29307543667388,0.370507026702201
3.4462562196934,0.225330796893806,3.53077075949059,0.204737112821665
3.53077075949059,0.204737112821665,3.62624280817817,0.155773814041511
3.62624280817817,0.155773814041511,3.7827452138449,0.17203871606334
3.7827452138449,0.17203871606334,3.85081522118885,0.124143842048236
3.85081522118885,0.124143842048236,3.93935819447196,-0.00991828893740587
3.93935819447196,-0.00991828893740587,4.03447786553883,-0.122501413522883
4.03447786553883,-0.122501413522883,4.10690979015592,-0.0343473678870604
-0.228174306335314,3.06168128349708,-0.190348301282545,3.0121407628555
-0.190348301282545,3.0121407628555,-0.0998455723411969,3.05007547655741
0.14674912134338,3.04761614328496,0.248624209222944,3.06504017995026
0.44026128181106,3.07290077887052,0.486934256071507,3.11081203897401
0.486934256071507,3.11081203897401,0.675364178022735,3.13436191359591
1.8055881669684,5.29686378971615,1.71928208324224,5.410372115566
1.62368172174986,5.64571903277964,1.56030563134505,5.80642932092703
1.56030563134505,5.80642932092703,1.49278461325325,5.8311550835206
1.49278461325325,5.8311550835206,1.42635259360174,5.96612634795143
1.42635259360174,5.96612634795143,1.46168072088314,5.94251236145232
2.49087111248296,2.31633623794823,2.4663381384138,2.36956653239807
2.4663381384138,2.36956653239807,2.49537657295768,2.46557271543085
2.54648607319715,2.65407336728551,2.51613781416136,2.61883801551979
2.51613781416136,2.61883801551979,2.56782362949487,2.76528764323043
2.56782362949487,2.76528764323043,2.56212121413189,2.85868085325598
2.56212121413189,2.85868085325598,2.65150606976731,2.96161700662818
2.65150606976731,2.96161700662818,2.64290961619609,3.05146336734626
2.64290961619609,3.05146336734626,2.71698506187199,3.09192293323712
2.71698506187199,3.09192293323712,2.70719492281236,3.1863588278337
2.70719492281236,3.1863588278337,2.75685781467094,3.29216617612698
2.75685781467094,3.29216617612698,2.71853309368136,3.40214023357314
2.71853309368136,3.40214023357314,2.7930455950924,3.56386442209635
2.7930455950924,3.56386442209635,2.84694322118497,3.56715767263614
2.85867577924823,3.76817441235108,2.820565675733,3.75087647222009
2.91441456745692,3.92244719656858,2.95487408088041,3.95845721803246
2.95487408088041,3.95845721803246,2.86460213478611,4.03113551111211
2.94245475698039,4.26493500874807,3.03484485974472,4.24791446927108
3.03484485974472,4.24791446927108,3.00023371901928,4.40753238930571
3.00023371901928,4.40753238930571,3.06709653371404,4.45414603062501
3.06709653371404,4.45414603062501,3.11905730951008,4.52960947037677
3.11905730951008,4.52960947037677,3.05724658509518,4.71648477674937
3.05724658509518,4.71648477674937,3.11180201852281,4.77876387362679
3.11180201852281,4.77876387362679,3.05611932854866,4.88916534155101
3.05611932854866,4.88916534155101,3.17407389891219,4.93476912657004
-0.740115336499218,-0.649810375152007,-0.797003668842361,-0.823301555010664
-0.797003668842361,-0.823301555010664,-0.959035678789848,-0.824570846709478
-0.847908753998756,-0.989372181472613,-0.865161156949108,-1.10029832956412
-0.865161156949108,-1.10029832956412,-0.771127614006264,-1.16408923457251
-0.771127614006264,-1.16408923457251,-0.848622379759094,-1.28846011504745
-0.848622379759094,-1.28846011504745,-0.904913155179315,-1.43553070982936
-0.904913155179315,-1.43553070982936,-0.794713447834136,-1.54277668759573
-0.794713447834136,-1.54277668759573,-0.827965278887365,-1.50926711690387
-0.827965278887365,-1.50926711690387,-0.827096292709772,-1.70406889417679
-0.827096292709772,-1.70406889417679,-0.877983700621621,-1.83889353722613
-0.877983700621621,-1.83889353722613,-0.822302015856052,-1.86043234947028
-0.822302015856052,-1.86043234947028,-0.877343105950073,-1.96474746901583
-0.877343105950073,-1.96474746901583,-0.89514847747493,-2.12238133222368
-0.89514847747493,-2.12238133222368,-0.846765671640308,-2.24284612536207
-1.80130222646804,-0.763900811817535,-1.85802892325828,-0.758315151476724
-1.85802892325828,-0.758315151476724,-2.00150399554697,-0.681946180125291
-2.00150399554697,-0.681946180125291,-2.07477188200405,-0.580983404410778
-2.07477188200405,-0.580983404410778,-2.12341208392862,-0.568710101446393
-2.34298869387641,-0.533041378322135,-2.37397704569046,-0.460291539243838
-2.37397704569046,-0.460291539243838,-2.45978881733251,-0.357195203478662
-2.45978881733251,-0.357195203478662,-2.59706909828541,-0.350158130804184
-2.59706909828541,-0.350158130804184,-2.60469109408132,-0.397641343086477
-2.60469109408132,-0.397641343086477,-2.67448960380994,-0.297027679080414
-2.67448960380994,-0.297027679080414,-2.79026909633505,-0.269249284764321
-2.79026909633505,-0.269249284764321,-2.88219555828271,-0.169036282969664
-2.88219555828271,-0.169036282969664,-3.02859141230718,-0.167456592022591
-3.15868593889067,-0.0363296890953011,-3.11106746399652,-0.0115292810308562
-3.11106746399652,-0.0115292810308562,-3.28632819077181,-0.00291689542537083
-3.28632819077181,-0.00291689542537083,-3.42183389221495,0.0516928876440904
-3.42183389221495,0.0516928876440904,-3.39542949505716,0.120125217168264
-3.39542949505716,0.120125217168264,-3.43397141830302,0.144913508892042
-0.38150328201061,2.91577277338778,-0.470342044737538,2.88878881027247
-0.470342044737538,2.88878881027247,-0.462703418444171,2.91890060892961
-0.462703418444171,2.91890060892961,-0.534328938491858,2.90853880646677
-0.534328938491858,2.90853880646677,-0.620766935573695,2.90039379546578
-0.620766935573695,2.90039379546578,-0.749119851802522,2.86328544755735
-0.749119851802522,2.86328544755735,-0.788130679339178,2.88809009964759
-0.788130679339178,2.88809009964759,-0.75213282935382,2.87969207955479
-0.75213282935382,2.87969207955479,-0.843504235603974,2.91951373643182
-0.843504235603974,2.91951373643182,-0.988372873772625,2.903540620967
-0.988372873772625,2.903540620967,-0.98252913380827,2.89538409328114
-1.16733140741753,3.03077113073432,-1.20130164130299,2.97998197794424
-1.20130164130299,2.97998197794424,-1.14894593911197,2.99876319370408
-1.40497312677559,3.10807264946727,-1.36646195186263,3.15525459068684
-1.36646195186263,3.15525459068684,-1.44850001146176,3.16377061374664
-1.44850001146176,3.16377061374664,-1.54132101616997,3.27926168211381
-1.54132101616997,3.27926168211381,-1.54968652809928,3.29454193983602
-1.54968652809928,3.29454193983602,-1.72890395840189,3.38271688389408
-1.72890395840189,3.38271688389408,-1.8287861038003,3.42692453597764
-1.8287861038003,3.42692453597764,-1.85436914017965,3.50162581221782
-1.85436914017965,3.50162581221782,-1.95288898573892,3.55935062865283
-1.95288898573892,3.55935062865283,-2.02924086157196,3.54450336023221
-2.02924086157196,3.54450336023221,-2.09419269833074,3.67781069200919
-2.09419269833074,3.67781069200919,-2.14728472652185,3.72261573135026
0.118865742056779,-0.594801906909904,0.21517872194599,-0.598909138343972
0.21517872194599,-0.598909138343972,0.306364095553935,-0.657647177829695
0.306364095553935,-0.657647177829695,0.427525799102883,-0.682624945164864
0.427525799102883,-0.682624945164864,0.420962515560243,-0.74908289933981
0.420962515560243,-0.74908289933981,0.61759735056734,-0.732439018022352
0.61759735056734,-0.732439018022352,0.737872198086431,-0.787375732196798
0.737872198086431,-0.787375732196798,0.803338793590841,-0.811014393119348
0.803338793590841,-0.811014393119348,0.965095036475045,-0.843687248897608
0.965095036475045,-0.843687248897608,0.978972497989641,-0.92006679396838
0.978972497989641,-0.92006679396838,1.0624581838647,-0.96697311992153
1.0624581838647,-0.96697311992153,1.21607083302373,-1.0164476999565
1.21607083302373,-1.0164476999565,1.22930499892169,-1.0414343401688
1.22930499892169,-1.0414343401688,1.34378396147655,-1.06890112914357
1.34378396147655,-1.06890112914357,1.48105024942862,-1.10158489704872
1.48105024942862,-1.10158489704872,1.51031563299748,-1.14507622083085
1.51031563299748,-1.14507622083085,1.65885429422734,-1.10268404195077
1.65885429422734,-1.10268404195077,1.72027228233012,-1.25753662846356
0.164031776497935,-0.618160380765467,0.123219237246744,-0.629060321412826
0.123219237246744,-0.629060321412826,0.26852328528351,-0.674325604938846
0.0235246254084856,-0.689200099004846,-0.0210994446771032,-0.753894797745866
-0.0210994446771032,-0.753894797745866,0.0618840342515045,-0.8276550942877
0.0618840342515045,-0.8276550942877,0.215561424357182,-0.876831849199716
0.215561424357182,-0.876831849199716,0.286706814231051,-0.944223585234826
-0.846765671640308,-2.24284612536207,-0.724746521936235,-2.3175619406463
-0.724746521936235,-2.3175619406463,-0.780611963923983,-2.40222045225791
-0.780611963923983,-2.40222045225791,-0.702993734927352,-2.46067827659055
-0.702993734927352,-2.46067827659055,-0.655083390800424,-2.55521147843153
-0.477878463814945,-2.55751368520659,-0.439644401461757,-2.71687697749317
-0.439644401461757,-2.71687697749317,-0.367764636811497,-2.74321375602179
-0.275949221895372,-2.92200584840224,-0.171811039833665,-2.90883814447638
-0.846765671640308,-2.24284612536207,-0.937508702619406,-2.34315680576135
-0.937508702619406,-2.34315680576135,-0.973495417022051,-2.3790319222755
-0.973495417022051,-2.3790319222755,-1.02873658932837,-2.53604400100446
-1.02873658932837,-2.53604400100446,-1.00409632589952,-2.65905603918354
-1.00409632589952,-2.65905603918354,-1.07658190106148,-2.65964021144686
-1.07658190106148,-2.65964021144686,-1.15363972707924,-2.7056261599659
-1.15363972707924,-2.7056261599659,-1.11162371163775,-2.84195746445708
-1.11162371163775,-2.84195746445708,-1.24183680436625,-2.93641409085421
-1.24183680436625,-2.93641409085421,-1.39875454663137,-2.95163057749374
-1.25228966868409,-3.15750514094233,-1.36741899315641,-3.26408488496173
-1.36741899315641,-3.26408488496173,-1.39301360700907,-3.28158798621114
-2.04849238122668,-1.24317549424492,-2.20076611251495,-1.31740117724718
-2.20076611251495,-1.31740117724718,-2.24572669215831,-1.4568946247948
-2.24572669215831,-1.4568946247948,-2.31024579409132,-1.55311210928335
-2.31024579409132,-1.55311210928335,-2.24064682746513,-1.56574631338879
-2.24064682746513,-1.56574631338879,-2.2352566485401,-1.74064780051434
-2.2352566485401,-1.74064780051434,-2.25131653825746,-1.74714963808645
-2.28538046995571,-1.96139192365084,-2.34563072651819,-1.94588448188297
-1.80130222646804,-0.763900811817535,-1.97368042088701,-0.703129418450732
-1.97368042088701,-0.703129418450732,-2.06795844751254,-0.762125899975314
-2.06795844751254,-0.762125899975314,-2.10765360664891,-0.797180303978162
-2.10765360664891,-0.797180303978162,-2.14573014747353,-0.832804575467241
-2.14573014747353,-0.832804575467241,-2.22501766744041,-0.877265462422956
-2.22501766744041,-0.877265462422956,-2.39022311628171,-0.826968036349091
-2.39022311628171,-0.826968036349091,-2.45482673281175,-0.899724582283673
-2.45482673281175,-0.899724582283673,-2.59464025474314,-0.929448118320171
-2.7377991583264,-1.01074847242983,-2.81936497225905,-0.913824914569496
-2.81936497225905,-0.913824914569496,-2.91422739494343,-0.998637266662356
-3.43397141830302,0.144913508892042,-3.54762159829236,0.183941894835658
-3.7452298547338,-0.134073833946361,-3.84142688210666,-0.149250124952144
-3.84142688210666,-0.149250124952144,-3.78483920630349,-0.249468248762955
-3.78483920630349,-0.249468248762955,-3.93794851831358,-0.329988320693343
-3.43397141830302,0.144913508892042,-3.58320715010062,0.119165579017787
-3.58320715010062,0.119165579017787,-3.72808405084166,0.234420556147168
-3.72808405084166,0.234420556147168,-3.82356382893167,0.229816485493442
-3.82356382893167,0.229816485493442,-3.85408253292845,0.320478880747833
-3.85408253292845,0.320478880747833,-3.99826038860054,0.345115783041194
-3.99826038860054,0.345115783041194,-4.17899924251586,0.341306934311436
-4.17899924251586,0.341306934311436,-4.25599500724235,0.377194356305939
-4.25599500724235,0.377194356305939,-4.28733069096166,0.431062373950967
-4.28733069096166,0.431062373950967,-4.34039280100897,0.407716264388945
-4.34039280100897,0.407716264388945,-4.48431604312087,0.495107514365722
-4.48431604312087,0.495107514365722,-4.65590023464555,0.483729671086514
-4.65590023464555,0.483729671086514,-4.74491743374893,0.526708617064166
-4.74491743374893,0.526708617064166,-4.78315371223119,0.635194599979922
-4.78315371223119,0.635194599979922,-4.95138917194278,0.533437601934996
-4.95138917194278,0.533437601934996,-5.08999355113902,0.530084838695918
-5.08999355113902,0.530084838695918,-5.16146847757358,0.642813454840194
-5.16146847757358,0.642813454840194,-5.26855278969291,0.69540539015015
-5.26855278969291,0.69540539015015,-5.392171947544,0.695409353044038
-5.392171947544,0.695409353044038,-5.42393574748596,0.761650351000209
-1.12055035360104,0.841261117805041,-1.1646188800084,0.876719664775536
-1.27296353966881,1.14972552970884,-1.31145891606623,1.15658822733585
-1.31145891606623,1.15658822733585,-1.32550550304327,1.26481043077555
-1.32550550304327,1.26481043077555,-1.36918015273576,1.27189552818041
-1.36918015273576,1.27189552818041,-1.38875416451125,1.36115553952292
-1.38875416451125,1.36115553952292,-1.39181408177735,1.30943789989566
-1.41228238872601,1.54609635287895,-1.47191771097324,1.60725845078936
-1.47191771097324,1.60725845078936,-1.50765270674011,1.5234259262764
-1.50765270674011,1.5234259262764,-1.54370152301502,1.48763648054128
-1.54370152301502,1.48763648054128,-1.55289697887946,1.64261587260895
-1.55289697887946,1.64261587260895,-1.5773058761058,1.59485964352847
-1.5773058761058,1.59485964352847,-1.66777392583636,1.7255825353407
-2.14728472652185,3.72261573135026,-2.1960373397326,3.84950186415799
-2.1960373397326,3.84950186415799,-2.21603846044176,3.84935515137143
-2.21603846044176,3.84935515137143,-2.26614811229115,3.93540038974452
-2.26614811229115,3.93540038974452,-2.22577254071975,3.9866071530921
-2.22577254071975,3.9866071530921,-2.24244198948557,4.07529425193944
-2.24244198948557,4.07529425193944,-2.31831271689747,4.10408230302523
-2.31831271689747,4.10408230302523,-2.29209961032845,4.12695331955471
-2.29209961032845,4.12695331955471,-2.27821486820546,4.15324608794404
-2.27821486820546,4.15324608794404,-2.31658082673852,4.20273577838949
-2.31658082673852,4.20273577838949,-2.30574694129271,4.25749923051542
-2.30574694129271,4.25749923051542,-2.3082766516886,4.27981095441983
-2.3082766516886,4.27981095441983,-2.34162180325193,4.33013013868445
-2.34162180325193,4.33013013868445,-2.35832531159908,4.32237742213041
-2.35832531159908,4.32237742213041,-2.29411036120366,4.3502448297983
-2.29411036120366,4.3502448297983,-2.29883014321189,4.35662279905238
-2.29883014321189,4.35662279905238,-2.33340841442685,4.4117325717606
-2.33340841442685,4.4117325717606,-2.37703816500295,4.42098244860616
-2.37703816500295,4.42098244860616,-2.34320294569413,4.50984945208886
-2.34320294569413,4.50984945208886,-2.38219760084021,4.54288058653825
-2.46810742482689,4.57887726264308,-2.47068771802641,4.66635035731482
-3.28180160239012,7.54240819542664,-3.30285946888127,7.61621743276462
-3.30285946888127,7.61621743276462,-3.2870549192169,7.64353562263004
-2.14728472652185,3.72261573135026,-2.23762359018551,3.76186341465969
-2.23762359018551,3.76186341465969,-2.2157185226398,3.77805102436173
-2.2157185226398,3.77805102436173,-2.35684983002425,3.79381003705568
-2.35684983002425,3.79381003705568,-2.40912303035727,3.82879478382367
-0.228174306335314,3.06168128349708,-0.383575902637464,3.01620904823217
-0.383575902637464,3.01620904823217,-0.297869938029869,3.01435501607212
-0.504759066897715,3.00875484860221,-0.545518741652334,3.07096984688905
-0.545518741652334,3.07096984688905,-0.608571623053862,3.08684641162394
-0.608571623053862,3.08684641162394,-0.761918441282243,3.13066458032478
-0.914382498999423,3.23158944587464,-1.02903176548444,3.29262447305653
1.35220496331683,6.13868027300869,1.23995567258776,6.22323960807971
1.23995567258776,6.22323960807971,1.20510356440545,6.27620867658409
1.20510356440545,6.27620867658409,1.06493954831099,6.38609977652003
1.06493954831099,6.38609977652003,1.00870079518528,6.48125800826506
1.00870079518528,6.48125800826506,0.846184705471789,6.63243953498025
0.846184705471789,6.63243953498025,0.845889611255565,6.60179627801108
0.696062664170883,6.73832254433107,0.581716322958198,6.75629272677198
0.581716322958198,6.75629272677198,0.428153211228105,6.88540935936237
3.17407389891219,4.93476912657004,3.31094749340514,4.94765325583534
3.39040238301109,5.13614954739312,3.46419825033814,5.10351764378873
2.81734777742136,2.39069544541922,2.93682487925479,2.4611285647349
2.93682487925479,2.4611285647349,3.06160533890063,2.468400542202
3.06160533890063,2.468400542202,3.03920099642439,2.43627655040818
3.25299851908559,2.45077995777805,3.29042570658199,2.43076514789394
3.29042570658199,2.43076514789394,3.45834124852088,2.45739767696623
3.45834124852088,2.45739767696623,3.59991627059327,2.39102860747335
3.59991627059327,2.39102860747335,3.65411150845915,2.49470699391959
3.65411150845915,2.49470699391959,3.74300603831737,2.43052357475664
3.74300603831737,2.43052357475664,3.7492242341283,2.42638072010387
3.7492242341283,2.42638072010387,3.90737714419285,2.48294515162295
2.81734777742136,2.39069544541922,2.90793541731273,2.48240974970242
2.90793541731273,2.48240974970242,2.95336269930973,2.5721638042688
2.95336269930973,2.5721638042688,3.02161754873445,2.61645075410631
3.02161754873445,2.61645075410631,3.12945435555689,2.67369071626096
3.12945435555689,2.67369071626096,3.20684957318463,2.78659429253407
3.20684957318463,2.78659429253407,3.3298357182272,2.87205720167037
3.3298357182272,2.87205720167037,3.30788154718373,2.8917946719772
3.30788154718373,2.8917946719772,3.42078987179159,2.91673769747228
3.54117742924112,3.13998013749692,3.63442108408339,3.07856896461436
3.63442108408339,3.07856896461436,3.64485601124499,3.19149546715192
3.64485601124499,3.19149546715192,3.74009493378804,3.25451474770252
3.74009493378804,3.25451474770252,3.76570917436749,3.29545170548998
3.76570917436749,3.29545170548998,3.82530136676941,3.40680148195291
3.82530136676941,3.40680148195291,3.91465130020182,3.46501309499536
3.91465130020182,3.46501309499536,3.99366469577881,3.53365017518944
3.99366469577881,3.53365017518944,4.06394655083796,3.60125939824171
4.06394655083796,3.60125939824171,4.16090847192307,3.57122780234104
4.16090847192307,3.57122780234104,4.28544734604518,3.68567722074461
4.28544734604518,3.68567722074461,4.32693510504803,3.81392533565802
2.66423750939754,1.29781338720704,2.76020806279933,1.4314023016727
2.76020806279933,1.4314023016727,2.79950184108147,1.44028298135169
2.79950184108147,1.44028298135169,2.93056278970407,1.44009083168488
3.45161217231046,1.33257289940869,3.56299923097731,1.33991667961797
3.56299923097731,1.33991667961797,3.65488816872855,1.36900520593846
3.65488816872855,1.36900520593846,3.64670468930793,1.43913117787391
3.64670468930793,1.43913117787391,3.783154564475,1.39797097907027
3.783154564475,1.39797097907027,3.83062598590828,1.49802962522314
3.83062598590828,1.49802962522314,3.92911576752433,1.63038970831514
3.92911576752433,1.63038970831514,4.10275764232808,1.62979823916955
4.10275764232808,1.62979823916955,4.16516531269912,1.63283046714333
4.16516531269912,1.63283046714333,4.20561908915038,1.64040220445281
4.20561908915038,1.64040220445281,4.28063907201111,1.65398710940962
3.41699770582455,1.09076898369588,3.55395349475722,1.14384553133687
3.55395349475722,1.14384553133687,3.62049303079636,1.16568244416639
3.62049303079636,1.16568244416639,3.73560312234657,1.11791598537363
3.94194704527922,1.09776887472981,3.98547236283278,1.075484846784
3.98547236283278,1.075484846784,4.02789576666272,1.10812017616116
4.02789576666272,1.10812017616116,4.17413479794403,1.11007453599843
4.2976170420329,0.97231791638744,4.44613399786297,1.03881347435307
4.10690979015592,-0.0343473678870604,4.19445624723925,-0.112490875316291
4.19445624723925,-0.112490875316291,4.28451017269096,-0.148192188647831
4.28451017269096,-0.148192188647831,4.40287206210086,-0.0422518623563089
4.40287206210086,-0.0422518623563089,4.52044045290686,-0.039307101482483
4.52044045290686,-0.039307101482483,4.61964148893681,-0.0239301881372504
4.61964148893681,-0.0239301881372504,4.68606468054474,-0.122162902364438
4.68606468054474,-0.122162902364438,4.80447728601433,-0.0763682217242354
4.80447728601433,-0.0763682217242354,4.94876197471921,-0.147368211077992
2.20422133844928,0.705485753205139,2.31329767350742,0.73380871490417
2.31329767350742,0.73380871490417,2.25470290084218,0.545006438922237
2.25470290084218,0.545006438922237,2.29152289727458,0.456453223346365
2.29152289727458,0.456453223346365,2.25292713269953,0.336298172248745
2.25292713269953,0.336298172248745,2.19488785309545,0.247162763471027
2.19488785309545,0.247162763471027,2.25742299016746,0.104071229969571
2.25742299016746,0.104071229969571,2.29439424096524,0.07643472058956
2.29439424096524,0.07643472058956,2.32463097349364,-0.0536592390657967
2.32463097349364,-0.0536592390657967,2.32862178478379,-0.131529083113372
2.32862178478379,-0.131529083113372,2.37714389527624,-0.198887207174216
2.37526817840278,-0.36249041400026,2.3828914022398,-0.470597497212106
2.3828914022398,-0.470597497212106,2.40315031898237,-0.539591260136459
2.40315031898237,-0.539591260136459,2.51899128333968,-0.6319485580276
2.51899128333968,-0.6319485580276,2.578128157243,-0.710138212167614
2.20422133844928,0.705485753205139,2.23504671973421,0.671827470308986
2.23504671973421,0.671827470308986,2.31177362438171,0.530399808224054
1.5630407733208,0.272360754245951,1.66438414313651,0.397625358636776
2.25709161841999,1.34259647357086,2.2293218022638,1.39447706533586
2.2293218022638,1.39447706533586,2.29272129063025,1.60038622068939
-0.230688122252089,-0.0165554840196966,-0.305058835456365,0.0608042438844882
-0.697854983768009,0.404733581116301,-0.72276015207969,0.532803159398792
2.22475083382032,1.10260128388063,2.28237369327859,1.18135029876203
2.28237369327859,1.18135029876203,2.32959470449337,1.20534460415307
2.58200749265341,2.29966961960857,2.52988764467593,2.33254547065279
2.52988764467593,2.33254547065279,2.64463382365152,2.46240712947651
-1.7866146994188,-0.896561875734458,-1.84048822322742,-0.918784748678655
-1.84048822322742,-0.918784748678655,-1.91990452666483,-1.0605500117556
1.84043357813951,4.83374059891257,1.83605512587911,4.98619444901187
-0.0422962547374379,-0.539506731480061,-0.0218557349267776,-0.576128767476631
-0.0218557349267776,-0.576128767476631,0.164031776497935,-0.618160380765467
3.03920099642439,2.43627655040818,3.20253270542987,2.50787057563982
3.20253270542987,2.50787057563982,3.25299851908559,2.45077995777805
-1.07674010480034,0.748209805840347,-1.12523460712345,0.887070907185906
0.463988471588527,-0.198115500559399,0.354676359080062,-0.18620243937381
0.354676359080062,-0.18620243937381,0.220903680583496,-0.164226984614096
0.220903680583496,-0.164226984614096,0.0815411382564976,-0.138638997597525
-0.746093097820662,2.5095420791275,-0.636481604325956,2.62063671436307
-0.959035678789848,-0.824570846709478,-0.849939897589345,-0.887792174015582
-0.849939897589345,-0.887792174015582,-0.847908753998756,-0.989372181472613
-3.02859141230718,-0.167456592022591,-3.00791101804098,-0.141514725747582
-3.00791101804098,-0.141514725747582,-3.15868593889067,-0.0363296890953011
-1.14894593911197,2.99876319370408,-1.30527583336492,3.05728140013311
-1.30527583336492,3.05728140013311,-1.40497312677559,3.10807264946727
-3.50488159846601,7.34495137484453,-3.44994095870556,7.46712463646527
-3.44994095870556,7.46712463646527,-3.28180160239012,7.54240819542664
0.638470407561291,-0.171948376197778,0.810541799879246,-0.153802422335239
0.810541799879246,-0.153802422335239,0.854780170940789,-0.099997798867351
1.70186925019637,0.359452330741609,1.82518997032654,0.459261011025521
1.82518997032654,0.459261011025521,1.88643081321242,0.575266959032645
-0.867886391584197,2.2503810099369,-0.803213276654284,2.30634974791417
-0.835915623633631,0.422894634765408,-0.945707417477089,0.602844756140865
1.62874764546971,3.89034857676496,1.68974557777349,3.96919701018264
1.65115169759292,5.59287983904397,1.62368172174986,5.64571903277964
-0.0422962547374379,-0.539506731480061,0.0256521156752021,-0.594260372141679
0.0256521156752021,-0.594260372141679,0.118865742056779,-0.594801906909904
-2.25131653825746,-1.74714963808645,-2.27332523594021,-1.85288324851461
-2.27332523594021,-1.85288324851461,-2.28538046995571,-1.96139192365084
-0.945707417477089,0.602844756140865,-1.03050348349369,0.694280852368388
-1.03050348349369,0.694280852368388,-1.12055035360104,0.841261117805041
-1.1646188800084,0.876719664775536,-1.21247393808856,0.937425235246113
-2.40912303035727,3.82879478382367,-2.47330128325494,3.78801962386738
-2.47330128325494,3.78801962386738,-2.50514327507866,3.74912205203252
3.24313638984259,1.21235483175376,3.39881320621455,1.1847898200335
3.39881320621455,1.1847898200335,3.41699770582455,1.09076898369588
2.37714389527624,-0.198887207174216,2.32601028405561,-0.284475866154344
2.32601028405561,-0.284475866154344,2.37526817840278,-0.36249041400026
2.32671423072003,1.05537239997717,2.29740956467728,0.935618024388948
2.29740956467728,0.935618024388948,2.2707620144765,0.814568480051786
-0.367764636811497,-2.74321375602179,-0.309181010618978,-2.7720895822762
-0.309181010618978,-2.7720895822762,-0.275949221895372,-2.92200584840224
-2.38219760084021,4.54288058653825,-2.43225459189339,4.54557075241338
-2.43225459189339,4.54557075241338,-2.46810742482689,4.57887726264308
1.58159733660263,3.7458746398263,1.62874764546971,3.89034857676496
1.83605512587911,4.98619444901187,1.81386425525474,5.13952258347325
1.81386425525474,5.13952258347325,1.8055881669684,5.29686378971615
-2.60097621322775,4.80559436660663,-2.67262028884717,4.90083640931765
-3.55339275335724,7.12194423444843,-3.50011140444348,7.24814290209906
-3.50011140444348,7.24814290209906,-3.36999892472737,7.3577982956411
-3.36999892472737,7.3577982956411,-3.25036366021253,7.40198899619937
0.0783256756513901,-0.2024669146057,0.261805835536226,-0.223703899702029
0.261805835536226,-0.223703899702029,0.463988471588527,-0.198115500559399
-0.402319234624311,2.86869929424926,-0.491938042152577,2.81014417492276
-0.491938042152577,2.81014417492276,-0.595844279165008,2.79176159160197
-0.0998455723411969,3.05007547655741,0.0108414423458373,3.0493525923091
0.0108414423458373,3.0493525923091,0.14674912134338,3.04761614328496
-3.72878085961192,0.087470876969761,-3.75175214419174,-0.0522625438301033
-3.75175214419174,-0.0522625438301033,-3.7452298547338,-0.134073833946361
3.42078987179159,2.91673769747228,3.43475037624154,3.02687950640991
3.43475037624154,3.02687950640991,3.54117742924112,3.13998013749692
3.24313638984259,1.21235483175376,3.32879016203593,1.30331909637995
3.32879016203593,1.30331909637995,3.45161217231046,1.33257289940869
4.17413479794403,1.11007453599843,4.24383510192067,1.02044646598337
4.24383510192067,1.02044646598337,4.2976170420329,0.97231791638744
-0.230688122252089,-0.0165554840196966,-0.384163896174671,0.0376254722381003
-0.384163896174671,0.0376254722381003,-0.434041613292318,0.0987947529403551
-0.434041613292318,0.0987947529403551,-0.563679470159683,0.186218936049498
-0.563679470159683,0.186218936049498,-0.661171941579213,0.252249220908581
0.0815411382564976,-0.138638997597525,-0.0902675202058147,-0.04545539138633
-0.0902675202058147,-0.04545539138633,-0.230688122252089,-0.0165554840196966
-0.981804200536396,1.26295164245822,-0.979704895148408,1.40515305556808
-0.976616691197806,1.62543601660349,-0.98905598279574,1.774118267691
-0.98905598279574,1.774118267691,-1.00049906156168,1.93835610973271
1.78556678983064,4.50429659964146,1.85294428454786,4.65793892045895
1.85294428454786,4.65793892045895,1.84043357813951,4.83374059891257
-0.788144491628974,0.700735291732716,-0.85189855299378,0.815652005199844
-0.85189855299378,0.815652005199844,-0.89149041700202,0.967855199254659
1.06191136039013,3.29258902964134,1.23480716671657,3.36705206508881
1.23480716671657,3.36705206508881,1.2781140848543,3.429959256452
-3.65947620362198,6.63072449808901,-3.66891189263119,6.73863292443755
2.37454658065363,1.89297388515998,2.40997618669084,1.98556808981868
2.40997618669084,1.98556808981868,2.41992403211392,2.09094484801084
0.896626760613207,3.17475036951406,0.929481726115207,3.26427513966206
0.929481726115207,3.26427513966206,1.06191136039013,3.29258902964134
1.35883782850687,6.07534457556276,1.35220496331683,6.13868027300869
2.84694322118497,3.56715767263614,2.88003314381743,3.65592142260915
2.88003314381743,3.65592142260915,2.85867577924823,3.76817441235108
-0.98252913380827,2.89538409328114,-1.02446203380695,2.9659568326863
-1.02446203380695,2.9659568326863,-1.16733140741753,3.03077113073432
-1.39875454663137,-2.95163057749374,-1.26269536359983,-3.02327587971873
-1.26269536359983,-3.02327587971873,-1.25228966868409,-3.15750514094233
1.39000071839833,0.135944853576281,1.47234831602249,0.207030817438787
1.47234831602249,0.207030817438787,1.5630407733208,0.272360754245951
-1.00049906156168,1.93835610973271,-0.930180595901026,2.04120671334472
1.68974557777349,3.96919701018264,1.75862245678929,4.10246965231859
1.75862245678929,4.10246965231859,1.74962051021864,4.26576946401928
-2.47068771802641,4.66635035731482,-2.513280177361,4.72375110394467
-2.513280177361,4.72375110394467,-2.60097621322775,4.80559436660663
-2.67262028884717,4.90083640931765,-2.7460545471289,5.01547788687046
-3.66891189263119,6.73863292443755,-3.64256907308877,6.87014088700674
-3.64256907308877,6.87014088700674,-3.69605522117553,6.93777986280089
3.11537840804609,1.18710436834518,3.18178400652229,1.18782558506875
3.18178400652229,1.18782558506875,3.29871096823379,1.16631218279547
2.86460213478611,4.03113551111211,2.94242881999351,4.19073850274004
2.94242881999351,4.19073850274004,2.94245475698039,4.26493500874807
-0.655083390800424,-2.55521147843153,-0.511561103114948,-2.59459214835588
-0.511561103114948,-2.59459214835588,-0.477878463814945,-2.55751368520659
-2.59464025474314,-0.929448118320171,-2.67651537044807,-0.948439901869296
-2.67651537044807,-0.948439901869296,-2.7377991583264,-1.01074847242983
-3.25036366021253,7.40198899619937,-3.38869989258737,7.39350907083137
-3.38869989258737,7.39350907083137,-3.50488159846601,7.34495137484453
-0.761918441282243,3.13066458032478,-0.814276510542611,3.13723650484098
-0.814276510542611,3.13723650484098,-0.914382498999423,3.23158944587464
3.73560312234657,1.11791598537363,3.86769232549983,1.15209245095514
3.86769232549983,1.15209245095514,3.94194704527922,1.09776887472981
-0.945707417477089,0.602844756140865,-0.980217170155941,0.675100489515538
-0.980217170155941,0.675100489515538,-1.07674010480034,0.748209805840347
-0.803213276654284,2.30634974791417,-0.752728265014605,2.46778853915117
-0.752728265014605,2.46778853915117,-0.746093097820662,2.5095420791275
1.74962051021864,4.26576946401928,1.76532521248862,4.37495968814544
1.76532521248862,4.37495968814544,1.78556678983064,4.50429659964146
1.42181074059727,3.53720688898543,1.48255312945313,3.62958715666463
1.48255312945313,3.62958715666463,1.58159733660263,3.7458746398263
-3.46216072337562,6.01831899823745,-3.54745406133767,6.1947343882493
-3.58747379435569,6.39028528073255,-3.62498870758578,6.49991155812485
-3.62498870758578,6.49991155812485,-3.65947620362198,6.63072449808901
-0.0876764565634866,-0.463341944658829,-0.175366584457433,-0.494961908056905
-0.175366584457433,-0.494961908056905,-0.29639643790027,-0.45647859805236
3.29307543667388,0.370507026702201,3.37488937084357,0.307262780254262
3.37488937084357,0.307262780254262,3.4462562196934,0.225330796893806
-2.12341208392862,-0.568710101446393,-2.19305580300829,-0.514605520779753
-2.19305580300829,-0.514605520779753,-2.34298869387641,-0.533041378322135
-0.297869938029869,3.01435501607212,-0.422079594324987,3.04459729713477
-0.422079594324987,3.04459729713477,-0.504759066897715,3.00875484860221
0.845889611255565,6.60179627801108,0.743760373171804,6.6578994804601
0.743760373171804,6.6578994804601,0.696062664170883,6.73832254433107
1.05356162522668,-0.0722136543597828,1.1658840007393,-0.0205742139177894
1.1658840007393,-0.0205742139177894,1.27600385038993,0.0158368313952577
-0.455168713526592,0.186216589744689,-0.527348320217953,0.225774994318173
-0.527348320217953,0.225774994318173,-0.620682523073954,0.296911962887666
-0.979704895148408,1.40515305556808,-0.99030752357951,1.46776720003544
-0.99030752357951,1.46776720003544,-0.976616691197806,1.62543601660349
-0.89149041700202,0.967855199254659,-0.9313800296638,1.15682976203854
-0.9313800296638,1.15682976203854,-0.981804200536396,1.26295164245822
0.675364178022735,3.13436191359591,0.780726953552788,3.15720077670511
0.780726953552788,3.15720077670511,0.896626760613207,3.17475036951406
-2.34563072651819,-1.94588448188297,-2.41976956927018,-2.03652035776139
-2.41976956927018,-2.03652035776139,-2.46165339429132,-2.12890744409281
0.854780170940789,-0.099997798867351,0.943841808471767,-0.088013100195545
0.943841808471767,-0.088013100195545,1.05356162522668,-0.0722136543597828
-0.661171941579213,0.252249220908581,-0.785828929292083,0.373895680647825
-0.785828929292083,0.373895680647825,-0.835915623633631,0.422894634765408
-1.21247393808856,0.937425235246113,-1.27448713968323,1.07131546817514
-1.27448713968323,1.07131546817514,-1.27296353966881,1.14972552970884
-0.305058835456365,0.0608042438844882,-0.381011397290075,0.122220696617228
-0.381011397290075,0.122220696617228,-0.455168713526592,0.186216589744689
-0.930180595901026,2.04120671334472,-0.916611475846812,2.12380293268523
-0.916611475846812,2.12380293268523,-0.867886391584197,2.2503810099369
-2.7460545471289,5.01547788687046,-2.80508848993369,5.09715820244734
-2.80508848993369,5.09715820244734,-2.86519745662343,5.17378282711221
-2.86519745662343,5.17378282711221,-2.99190473822674,5.27042052083087
-2.99190473822674,5.27042052083087,-3.08201726287978,5.39132645206687
-3.08201726287978,5.39132645206687,-3.15234877719492,5.49617540785153
-3.15234877719492,5.49617540785153,-3.26313492509379,5.63207315420375
-3.36912085182597,5.81595039373084,-3.40348759607233,5.9453212735113
-3.40348759607233,5.9453212735113,-3.46216072337562,6.01831899823745
0.248624209222944,3.06504017995026,0.352518405955266,3.06413439373047
0.352518405955266,3.06413439373047,0.44026128181106,3.07290077887052
2.49537657295768,2.46557271543085,2.52443005362894,2.54716977192875
2.52443005362894,2.54716977192875,2.54648607319715,2.65407336728551
2.820565675733,3.75087647222009,2.86706046468338,3.83916421896462
2.86706046468338,3.83916421896462,2.91441456745692,3.92244719656858
-3.54762159829236,0.183941894835658,-3.62644274694307,0.14650460249624
-3.62644274694307,0.14650460249624,-3.72878085961192,0.087470876969761
-1.39181408177735,1.30943789989566,-1.39679804225379,1.40938346807552
-1.39679804225379,1.40938346807552,-1.41228238872601,1.54609635287895
3.31094749340514,4.94765325583534,3.3357554576059,5.04534266023604
3.3357554576059,5.04534266023604,3.39040238301109,5.13614954739312
1.71928208324224,5.410372115566,1.7024991454894,5.51064766293666
1.7024991454894,5.51064766293666,1.65115169759292,5.59287983904397
1.2781140848543,3.429959256452,1.34439386533718,3.47337907958713
1.34439386533718,3.47337907958713,1.42181074059727,3.53720688898543
-3.69605522117553,6.93777986280089,-3.61927729663279,7.04101583900132
-3.61927729663279,7.04101583900132,-3.55339275335724,7.12194423444843
-0.72276015207969,0.532803159398792,-0.760443407161943,0.618991589833825
-0.760443407161943,0.618991589833825,-0.788144491628974,0.700735291732716
1.46168072088314,5.94251236145232,1.41753230551126,6.01586411729502
1.41753230551126,6.01586411729502,1.35883782850687,6.07534457556276
-3.26313492509379,5.63207315420375,-3.30819269788483,5.72009104668045
-3.30819269788483,5.72009104668045,-3.36912085182597,5.81595039373084
-3.54745406133767,6.1947343882493,-3.59162670932678,6.29606027349025
-3.59162670932678,6.29606027349025,-3.58747379435569,6.39028528073255
