0.785405539175181
1.60497619224973
1.47855137971139
1.64898584254468
1.25829828916227
1.62290318594115
1.10596935007792
1.94684313335366
2.45896029076493
2.12541030673946
3.32902644780614
3.62386422670049
3.48970636547799
4.18838832004918
4.35928132647648
4.55714927703696
4.62138370691051
4.61669399660683
4.24527335239011
4.84981367366877
6.70030315671321
6.63764180656963
7.10179486120343
7.22411231799456
7.31699096804046
7.5933588253257
7.60022792860373
8.17033126416644
10.2452609593117
10.3074908632929
