1.39878751541669
1.17720722351567
1.79593962997023
2.0255288292216
2.75757110694531
2.21460897880565
2.51600629641501
4.03406488665339
3.3464232369902
3.97162856789437
3.88219490250329
3.66529616797272
3.95381208249731
3.59222567796246
3.47214440250636
3.03236283190313
3.95478164050205
4.88487564113773
4.97731503595401
4.06004881095259
4.14100531092615
5.00048853118734
5.51361978807515
4.97922851127998
3.09257953871702
6.52369892171246
4.90722458263995
6.30501923248406
7.51003156638024
6.81265849723057
