1.94845361516577
1.63912928599428
2.44310777067082
2.51906776048158
3.24791360519612
3.02634698652319
3.51207155161647
5.06202605569756
5.23804585347684
5.1507581690003
5.08512701167074
6.05782982486679
6.22043148794345
6.15102082697317
6.39287569355438
6.82935827521334
6.49246370402721
6.15771662045339
6.39523634942364
7.25297703653876
6.74801890325276
7.2591687330941
6.84145882117684
7.20283870578248
8.02154335570882
9.0169503880457
9.29849553987722
8.67769420521601
10.6834093989712
11.5699000021418
