0.889015352528047
1.65628653933801
1.22394067168593
3.3124432606311
2.89252482908828
2.44990256831708
1.82095401206319
3.7441514032829
3.56910987055236
3.4809405831556
3.75292775528964
3.6073575669093
4.67537179847121
4.97877987432047
4.1627642131873
5.35919301475628
5.42448907180974
5.47327022616287
5.36522808018949
5.96864106928915
5.84915097794707
6.36290893283442
6.2646772918127
5.89323578684858
6.14900217196289
6.63635709135874
5.27326336438737
5.35347830419092
7.47836598634031
7.75928910776797
