1.46550121622449
1.92687511283289
2.33078487274644
2.59600426533193
2.44968164926898
3.20560422476419
3.53337941380198
3.31930895465026
3.48654457301997
4.01123576577976
4.74077238386741
4.85729990911376
4.65818037633295
5.65545369331191
5.9192154883981
6.48436621841058
7.11585675460392
7.37902655256428
7.7013402021647
7.38416073755264
7.34174632016387
8.08433417380869
8.00793312279697
9.03689904059645
9.31972503148673
8.8750186060266
10.1160153439884
10.2867755631866
12.5327765135393
12.5110056456296
