0.955841284001304
1.30976269191235
1.77993411505384
1.65580650118829
1.36945408393045
1.92328368432657
1.97174035666084
2.50216776436754
2.30183701477012
3.2469599434022
3.74090473189088
1.91025260870369
3.34421239273434
3.6729683340996
4.07519922228014
3.92848994041557
4.7691969927576
4.78375925651234
4.92926738416346
3.7655854720546
3.73617674088795
5.66918589735461
4.20923642866734
4.92781581866361
3.52185797731595
6.17147683111521
5.86089994442625
4.30853609942996
6.17319794145101
6.5644035104393
