1.82121547710612
2.66461890608988
1.60166386718819
2.59590247419293
1.88747375511589
1.12712822259324
1.59312951139084
3.55546555392455
3.91240242308635
1.74536369260675
3.95594371661823
1.37111788871559
3.9197153343627
2.29959890169217
4.56710075918881
4.85953707832364
4.87536752114135
4.36436305658179
4.82679873573197
4.6461236246305
3.96247516618547
4.18602060336528
5.1723318849968
5.07334175457852
5.22224794613756
5.41284219287253
7.0709645333156
5.43923101497656
5.48930849011359
8.16999213263738
