0.283949184850987
1.42687389015475
1.70781639942709
1.72925060042151
1.9628929896877
3.24401417574057
3.83863281519045
3.91804163011278
4.15860388027716
4.56081064576091
4.45375776007636
4.84218611961066
4.92039948310714
4.59144034694125
4.52790550295655
4.89035399130873
4.74785541741155
4.90065349697687
5.36153210545762
3.71067754619892
5.76231597249272
3.09988238259541
3.27404232312469
6.02716811771508
5.91376759114314
6.73538064511509
4.63004448648441
5.12727578518415
5.16712956154305
4.87724838239661
