0.287598957779594
0.547631302503243
0.50577611536176
1.6318879843477
2.33021216168844
2.12528363747189
3.57877365669788
3.78777790902427
2.75058033879881
3.85820248449281
4.19628970685813
4.03198734015407
4.8203036895134
4.76473456183718
5.1241747592022
4.429479648056
5.62276183917026
3.96176926559018
4.69579446877943
5.37848926730146
4.82503232889785
3.54566369561098
5.09131714759472
4.38143955192959
6.86577362510555
5.63474267996422
7.01613998414136
7.44357244142189
3.82422378577257
3.7669588163855
